-0.628944,0.657594,0
0.489627,0.532227,0
0.648708,0.197935,0
-0.723530,-0.597917,0
0.237346,0.121108,0
0.432023,0.663593,0
-0.073939,-0.556357,0
-0.530751,0.554349,0
-0.081223,0.213079,0
0.641352,-0.129103,0
-0.626990,-0.528094,0
-0.451404,-0.843940,0
-0.245095,-0.399911,0
-0.328877,-0.250678,0
0.559284,-0.277851,0
0.500819,0.539611,0
-0.983643,-0.156352,0
-0.207129,0.279460,0
0.461199,0.383791,0
0.631995,0.468596,0
0.438418,-0.498788,0
0.061499,0.179494,0
-0.812156,0.066349,0
-0.985522,-0.112902,0
-0.773036,-0.369344,0
-0.285410,-0.504521,0
-0.018879,-0.040541,0
-0.699450,0.422812,0
-0.537770,-0.685422,0
-0.037909,-0.067549,0
0.694335,0.365922,0
0.444394,-0.453337,0
0.503215,0.572516,0
-0.351108,-0.075653,0
-0.537768,-0.755517,0
0.611506,0.138057,0
-0.870247,0.392007,0
0.121194,-0.072884,0
0.688719,-0.713208,0
-0.989694,-0.022472,0
-0.507328,-0.739337,0
-0.059024,-0.939423,0
-0.243626,-0.235895,0
-0.883188,0.303280,0
-0.110695,0.748830,0
-0.714105,-0.451724,0
0.237441,0.098092,0
-0.245613,0.315712,0
0.711861,0.047482,0
0.618679,-0.015364,0
-0.120148,-0.888574,0
-0.373795,-0.072643,0
0.041384,0.845747,0
0.547742,-0.428927,0
-0.218528,0.195565,0
0.319024,0.525570,0
-0.200716,0.150709,0
-0.691112,0.302266,0
0.574933,0.086322,0
0.052665,0.161946,0
0.339245,0.658720,0
-0.315939,-0.801987,0
0.240676,-0.397586,0
0.538179,0.019070,0
0.038049,0.737260,0
-0.489817,-0.769467,0
0.128066,-0.962081,0
0.422068,0.576939,0
0.573038,0.337087,0
-0.331813,-0.164012,0
-0.912676,-0.328668,0
-0.010798,-0.082966,0
-0.588603,0.412973,0
-0.009673,0.696352,0
-0.273851,0.002394,0
0.753323,0.097493,0
-0.365402,0.600401,0
0.278305,0.574931,0
0.102338,-0.404385,0
0.175210,0.781218,0
0.429882,0.600168,0
0.405307,0.538262,0
0.558334,0.450847,0
-0.331483,0.805679,0
0.063585,0.170168,0
-0.712897,-0.550253,0
-0.616876,-0.560771,0
-0.069581,0.321183,0
-0.034376,-0.453672,0
-0.902437,-0.388082,0
-0.221178,0.798799,0
0.862913,-0.444275,0
0.454770,-0.462800,0
0.404936,0.516746,0
0.688611,0.347583,0
-0.617352,0.491809,0
-0.418317,0.054872,0
0.570235,0.488705,0
-0.413808,0.121504,0
-0.222135,0.068234,0
-0.701394,0.456121,0
-0.705266,-0.431973,0
-0.262676,0.001122,0
-0.802992,-0.384973,0
-0.134840,0.137179,0
-0.274978,-0.945192,0
-0.147335,0.747190,0
-0.286949,0.715304,0
-0.187243,0.232250,0
0.078278,-0.979731,0
-0.321540,-0.878984,0
0.008536,-0.054103,0
-0.469764,-0.085567,0
0.090614,0.762095,0
0.146440,0.662990,0
-0.406761,0.703239,0
-0.639105,-0.740638,0
0.268386,-0.489866,0
-0.948036,0.232868,0
-0.949676,-0.084357,0
0.179946,0.666798,0
-0.488308,-0.124720,0
-0.408164,-0.794608,0
0.123943,-0.068104,0
-0.164319,-0.407430,0
-0.422354,-0.250233,0
-0.921734,0.111381,0
-0.600531,-0.771597,0
0.452356,0.385194,0
-0.079321,0.381717,0
-0.614116,0.568209,0
-0.556210,-0.616141,0
-0.787624,0.447937,0
-0.595909,0.511754,0
-0.390768,-0.817496,0
-0.406058,-0.911107,0
-0.294601,0.818053,0
-0.920723,-0.072590,0
0.720398,-0.617273,0
-0.901868,0.040416,0
0.444483,0.434091,0
-0.339869,-0.261704,0
0.381808,0.525569,0
-0.602413,0.565772,0
0.545814,-0.793780,0
0.415741,-0.460607,0
-0.636113,0.611032,0
-0.184028,0.726728,0
-0.225279,0.721976,0
0.029485,0.230501,0
0.094537,-0.618112,0
-0.337988,0.575989,0
-0.649592,0.327155,0
0.495755,-0.190334,0
-0.204990,-0.915958,0
-0.959764,-0.062066,0
-0.138379,0.672942,0
0.429142,-0.832969,0
-0.243278,-0.393467,0
-0.028398,-0.416165,0
-0.893050,-0.259732,0
-0.706599,0.216142,0
-0.443022,0.648638,0
-0.190779,-0.366883,0
-0.589962,0.446032,0
0.564294,-0.039659,0
-0.641456,-0.640729,0
0.325968,-0.425141,0
0.274454,-0.331172,0
-0.096883,-0.461100,0
-0.467356,-0.112154,0
0.748640,0.050375,0
-0.728644,0.286491,0
-0.812317,0.232683,0
-0.005601,-0.549517,0
0.372548,-0.274240,0
-0.034748,0.791071,0
-0.590672,-0.697931,0
-0.376540,-0.047091,0
-0.425072,-0.784420,0
-0.325645,0.644946,0
0.012726,0.202084,0
-0.204114,0.789517,0
-0.721264,0.440202,0
0.532399,-0.768474,0
0.488626,0.401553,0
0.665317,-0.257591,0
0.137504,-0.919289,0
-0.643392,0.540414,0
0.233285,-0.601314,0
-0.406486,0.075953,0
-0.482493,-0.148999,0
0.639491,0.473341,0
0.335841,-0.556067,0
-0.195661,-0.498715,0
-0.023429,0.729007,0
-0.200788,0.292718,0
-0.659079,-0.530674,0
0.721029,-0.033429,0
-0.014307,0.788540,0
-0.302418,-0.159823,0
-0.326911,0.640413,0
-0.865456,-0.070611,0
0.466976,0.423006,0
0.284993,0.531770,0
-0.440113,-0.738445,0
-0.867307,-0.027910,0
0.549752,0.491704,0
0.811379,-0.565389,0
0.225683,-0.867218,0
-0.689053,0.243323,0
-0.770151,0.341860,0
-0.068605,0.728212,0
-0.011137,0.280849,0
-0.846275,0.298024,0
-0.897382,-0.350294,0
0.227669,-0.418529,0
-0.018995,0.235880,0
0.074949,0.174306,0
0.187914,-0.577658,0
-0.085660,0.326592,0
-0.719892,-0.450284,0
0.429349,-0.883549,0
0.403063,-0.420167,0
0.035296,-0.464493,0
0.365601,-0.421113,0
-0.477876,0.025198,0
-0.226558,0.273261,0
-0.214586,-0.393641,0
0.416238,-0.470899,0
0.379910,-0.831064,0
0.207948,0.136958,0
-0.440284,0.584080,0
0.701051,0.177562,0
-0.359226,-0.881451,0
-0.756882,-0.629389,0
0.645649,0.118902,0
0.611256,0.439734,0
0.171014,0.702677,0
0.508241,-0.820787,0
0.162161,-0.543787,0
0.004509,-0.989434,0
0.525073,0.315116,0
0.072929,0.172283,0
-0.143660,-0.940405,0
-0.863773,-0.029931,0
0.200414,-0.507774,0
-0.364649,0.005592,0
-0.554233,0.507766,0
-0.244215,-0.293869,0
0.397144,0.492216,0
-0.357661,-0.321058,0
-0.361006,-0.246323,0
-0.665483,-0.441738,0
-0.776619,-0.252711,0
-0.318955,0.035609,0
0.255947,-0.457702,0
-0.033872,0.756209,0
-0.719062,0.380723,0
-0.454783,0.543297,0
-0.099371,0.849191,0
-0.716522,0.588724,0
-0.951230,-0.034076,0
-0.802993,0.291895,0
-0.651569,0.341259,0
-0.897740,-0.314743,0
0.688658,-0.061243,0
-0.306029,-0.156032,0
0.313783,-0.326405,0
-0.714272,0.209321,0
-0.895960,0.057057,0
-0.696174,-0.546207,0
-0.216362,-0.369036,0
-0.189725,0.122493,0
0.676327,0.102869,0
-0.389883,-0.109503,0
-0.883288,-0.273500,0
0.350460,0.607600,0
-0.788805,0.379193,0
-0.687673,0.453988,0
0.699835,0.257355,0
0.107348,-0.959415,0
-0.388063,0.658337,0
-0.147705,0.656645,0
0.230912,-0.873888,0
-0.611083,0.685257,0
-0.553614,-0.801568,0
-0.312502,0.233115,0
0.127461,0.621895,0
-0.431902,-0.742604,0
-0.890104,0.075595,0
-0.902922,-0.199330,0
0.718748,0.287057,0
-0.288161,-0.151535,0
-0.539426,-0.734180,0
-0.771436,-0.576963,0
0.042673,0.105731,0
0.008003,-0.939114,0
0.056061,0.262406,0
-0.050892,0.344108,0
-0.851263,0.101740,0
-0.783730,0.075945,0
-0.794918,-0.600088,0
-0.387921,0.626512,0
0.309288,0.573011,0
-0.351841,0.640475,0
0.277484,-0.508923,0
-0.046664,0.236268,0
-0.257048,0.681855,0
-0.058356,0.688908,0
0.882397,-0.432870,0
0.234514,-0.001763,0
0.547655,-0.831309,0
0.312122,-0.344354,0
0.378771,0.636814,0
0.102614,-0.116062,0
0.484062,-0.093186,0
-0.761005,-0.117780,0
-0.607701,0.560981,0
-0.611932,-0.727695,0
0.203196,-0.568956,0
-0.546746,-0.631719,0
-0.673899,0.407260,0
-0.424672,0.160167,0
-0.763910,-0.541702,0
0.074689,-0.576560,0
-0.011451,-0.903808,0
-0.889023,0.278636,0
-0.629603,-0.657724,0
0.354859,-0.281203,0
0.297288,0.598013,0
-0.000742,0.189735,0
0.696081,-0.659903,0
-0.718927,-0.661168,0
-0.082115,0.773471,0
0.556809,-0.299939,0
-0.511057,-0.814752,0
-0.379233,0.013500,0
-0.749184,-0.400904,0
0.717626,0.144959,0
-0.855583,-0.083532,0
0.096503,-0.410716,0
0.001128,0.705690,0
-0.285076,0.651714,0
0.541281,0.354986,0
-0.016588,-0.103561,0
0.081739,0.788872,0
0.597159,-0.297323,0
0.079636,0.051557,0
-0.860746,-0.420853,0
0.686616,-0.229256,0
0.062349,-0.517796,0
0.723197,-0.609906,0
0.479272,-0.212834,0
-0.331201,-0.138947,0
-0.277270,0.776609,0
0.292691,0.733029,0
0.564663,-0.095683,0
-0.955123,0.218496,0
0.146819,-0.975420,0
0.643322,-0.011722,0
-0.009453,-0.410987,0
-0.204674,0.325743,0
0.293084,-0.562229,0
0.540398,0.363276,0
0.148416,-0.517661,0
-0.362841,-0.810152,0
0.643652,0.440127,0
-0.548319,0.635095,0
0.543730,0.567766,0
-0.875821,-0.450487,0
-0.874528,-0.187618,0
0.596301,0.215465,0
-0.723931,0.194740,0
-0.756652,-0.529602,0
-0.765640,-0.246568,0
-0.796866,-0.044780,0
-0.299877,0.295083,0
0.108829,0.760366,0
0.563535,-0.217781,0
-0.371381,-0.282978,0
0.366925,0.677027,0
0.092804,-0.395459,0
-0.286864,0.133075,0
0.144220,-0.084857,0
0.607321,0.509079,0
0.080847,-0.927073,0
-0.210599,-0.475024,0
0.109582,-0.389861,0
0.035343,-0.052449,0
-0.143761,-0.899073,0
-0.129344,-0.395310,0
0.452667,-0.356500,0
-0.223639,-0.862546,0
-0.946480,-0.310121,0
-0.973359,-0.153534,0
0.618688,0.096048,0
-0.479618,-0.186993,0
0.235835,0.730330,0
0.125170,0.620751,0
-0.884383,-0.029434,0
-0.814314,-0.221117,0
0.264780,-0.375356,0
0.949771,-0.266336,0
0.115135,0.722318,0
-0.750778,0.468329,0
-0.452025,0.734625,0
-0.094997,0.853801,0
0.243549,0.791634,0
-0.165380,0.682385,0
0.711767,-0.066243,0
-0.062841,-0.969562,0
-0.775562,-0.086624,0
-0.380542,-0.902323,0
0.066832,0.211029,0
-0.199844,-0.357858,0
-0.728028,0.478514,0
-0.542411,0.701278,0
-0.329321,-0.461029,0
-0.442525,-0.078560,0
-0.884654,-0.111300,0
-0.805398,-0.210556,0
0.062285,0.317995,0
0.315406,0.652318,0
-0.004992,-0.094737,0
-0.017536,0.655509,0
-0.272473,0.027543,0
-0.794597,-0.587040,0
-0.052666,0.212665,0
0.007811,-0.030643,0
0.483341,-0.411560,0
0.051516,-0.454253,0
-0.656389,-0.496138,0
-0.774335,0.272774,0
0.073868,-0.591222,0
-0.327207,-0.779702,0
-0.067455,0.848793,0
0.122650,0.122299,0
0.242197,0.646019,0
-0.381426,0.797818,0
0.190300,-0.076064,0
0.808905,-0.583671,0
0.514725,-0.426682,0
-0.625416,-0.598210,0
0.577735,0.527468,0
-0.669932,-0.619024,0
-0.341526,0.799600,0
-0.680626,-0.451385,0
0.240190,-0.543423,0
-0.825343,0.436816,0
-0.363898,0.831612,0
-0.964822,0.010891,0
-0.892451,0.241931,0
-0.366275,-0.189321,0
-0.038445,0.315471,0
-0.391075,0.145123,0
0.532334,0.571507,0
-0.842497,0.014120,0
0.562165,-0.753638,0
-0.403484,-0.277851,0
-0.621011,-0.655245,0
-0.046009,-0.560253,0
0.189679,0.004688,0
0.706402,0.212123,0
-0.172385,0.286851,0
0.321631,0.722187,0
0.100133,-0.432404,0
0.616358,0.033216,0
-0.818130,0.357299,0
-0.023901,-0.550844,0
-0.004755,0.216743,0
-0.567479,0.583068,0
-0.188168,0.813998,0
0.084860,-0.561960,0
-0.404703,0.734313,0
-0.554426,0.554627,0
0.411367,-0.284213,0
0.022533,0.368093,0
-0.062097,-0.471321,0
-0.029449,-0.033657,0
0.520691,0.465705,0
-0.064641,0.851365,0
0.396817,0.438790,0
-0.498565,0.658357,0
0.144252,0.205405,0
0.015572,-0.529866,0
0.042758,0.013105,0
0.377153,0.642461,0
-0.809396,-0.246734,0
-0.020269,0.177733,0
-0.262917,0.757545,0
-0.723655,0.479921,0
-0.865992,0.273965,0
-0.817436,-0.574280,0
0.085081,-0.925074,0
-0.265035,0.814713,0
0.059642,0.852316,0
-0.803734,-0.031808,0
-0.698416,0.585845,0
-0.220674,-0.509218,0
-0.727210,0.553322,0
-0.760460,0.369730,0
0.881047,-0.414435,0
-0.645595,-0.557859,0
0.514829,-0.296565,0
0.375107,0.512147,0
0.414254,-0.313678,0
0.528040,0.164844,0
0.632528,-0.225628,0
0.140735,-0.434964,0
0.220669,0.556152,0
0.511771,-0.247164,0
0.462100,0.312192,0
0.734814,-0.083955,0
-0.527236,0.630097,0
-0.673030,-0.622921,0
0.289717,0.522555,0
-0.643719,-0.696151,0
0.274017,0.802443,0
-0.520742,-0.666954,0
0.719124,0.076560,0
0.377391,-0.378914,0
-0.015040,-0.075985,0
-0.839751,-0.428741,0
-0.933245,0.032467,0
0.077453,0.000991,0
-0.822527,0.215520,0
0.028742,0.705814,0
-0.677872,-0.535247,0
-0.441120,-0.255760,0
0.566723,-0.393478,0
-0.794464,0.277178,0
-0.554411,-0.618570,0
-0.784117,-0.519770,0
0.139968,-0.591108,0
-0.391124,0.570983,0
0.131024,0.169802,0
0.216897,-0.885413,0
-0.286916,-0.937912,0
-0.493169,0.571650,0
-0.299482,0.279840,0
-0.564814,-0.725249,0
-0.487469,0.019339,0
-0.180474,-0.477942,0
0.129883,0.296868,0
0.388696,0.433492,0
-0.295252,0.214070,0
-0.176475,0.137319,0
-0.214887,-0.380557,0
0.220014,0.650072,0
-0.819377,-0.235843,0
0.629576,-0.183396,0
-0.415702,0.693680,0
-0.303163,0.009588,0
-0.317565,0.170741,0
-0.994195,-0.067650,0
0.261414,-0.520253,0
0.718179,0.078862,0
0.609097,-0.000993,0
-0.364616,0.007415,0
0.692013,0.145320,0
-0.878210,-0.278832,0
0.117173,-0.596884,0
0.062279,-0.583199,0
-0.407617,-0.788573,0
-0.413852,0.768587,0
0.304686,0.579799,0
-0.121558,0.849249,0
-0.690328,-0.493403,0
-0.846516,-0.412807,0
-0.724648,-0.492833,0
-0.188289,-0.409325,0
-0.187906,-0.937919,0
-0.238611,-0.847387,0
0.637999,0.337577,0
-0.201625,-0.926470,0
0.278030,-0.517397,0
-0.758838,0.110292,0
-0.262794,-0.077066,0
-0.913545,0.295696,0
-0.330582,-0.846590,0
0.331041,0.546271,0
0.634177,0.117556,0
0.175910,-0.032492,0
-0.439920,0.669680,0
0.081805,0.185224,0
-0.218002,0.754636,0
0.287670,-0.881616,0
0.161520,0.599092,0
0.201644,-0.404153,0
0.025034,-0.502368,0
-0.882329,0.132270,0
-0.224369,0.790986,0
0.566837,-0.060795,0
0.007106,-0.541248,0
0.604121,-0.070978,0
0.176142,0.031207,0
-0.229531,-0.824812,0
-0.180097,-0.846502,0
0.683141,-0.149395,0
0.121514,0.276106,0
0.193707,0.639904,0
0.531347,-0.129114,0
0.141379,0.003473,0
0.138640,0.252545,0
-0.870004,0.401363,0
0.477249,-0.390171,0
-0.791047,-0.101216,0
-0.436554,-0.329273,0
-0.969882,0.106434,0
-0.371859,0.731246,0
-0.627998,-0.530677,0
-0.902339,-0.061523,0
-0.066615,0.830399,0
-0.755367,0.073628,0
0.618468,0.469572,0
0.603798,0.253827,0
0.194337,0.210317,0
-0.928037,-0.178175,0
-0.027336,-0.379806,0
0.209839,0.623673,0
-0.438347,-0.121868,0
-0.622559,0.407946,0
0.063965,0.729321,0
0.635168,0.120672,0
0.378021,-0.393828,0
-0.547165,0.539083,0
-0.024550,0.671116,0
-0.812704,-0.359878,0
0.120013,-0.951103,0
0.653556,-0.069747,0
0.122462,-0.001780,0
0.613350,-0.783455,0
-0.363483,-0.308027,0
0.720857,0.245692,0
0.389832,0.692843,0
-0.398101,-0.378834,0
-0.825333,-0.550295,0
-0.263443,0.263814,0
0.492751,-0.105813,0
-0.962938,-0.125504,0
-0.153569,-0.959383,0
-0.130848,-0.945980,0
-0.570191,0.526196,0
-0.837424,-0.121334,0
-0.816354,0.352940,0
0.543342,0.133342,0
-0.017093,-0.385627,0
0.168341,0.650893,0
0.727834,-0.622301,0
0.568494,0.292941,0
-0.604869,0.469184,0
-0.399904,0.100384,0
-0.375497,-0.906092,0
0.192011,0.084449,0
-0.713925,-0.491235,0
0.552444,0.160643,0
-0.288631,-0.204187,0
0.428983,0.497969,0
0.184958,0.608104,0
0.600036,-0.030924,0
0.635819,-0.027095,0
-0.142373,0.795443,0
-0.745975,0.231347,0
0.407882,0.647790,0
0.270664,-0.440160,0
0.584848,-0.044188,0
-0.911828,0.059747,0
-0.271965,0.005920,0
-0.951172,-0.072604,0
0.533248,-0.169254,0
-0.124474,0.693906,0
-0.549178,-0.771624,0
0.266345,-0.573638,0
-0.217410,-0.887543,0
-0.763509,-0.374237,0
-0.160907,0.245171,0
0.482714,-0.443832,0
-0.251085,-0.441538,0
-0.093887,0.841537,0
0.561334,0.088906,0
0.263611,-0.441032,0
0.142471,0.278751,0
0.484426,-0.085621,0
-0.215283,0.838840,0
-0.916754,-0.309131,0
-0.286655,0.042768,0
0.524066,-0.018831,0
0.611867,0.321898,0
0.258389,-0.563236,0
0.498628,-0.783179,0
-0.811298,-0.478325,0
-0.274326,-0.157306,0
-0.250387,0.815050,0
0.561629,0.132563,0
0.442297,-0.822419,0
-0.328885,0.053241,0
-0.019536,-0.603008,0
-0.123442,0.376513,0
0.177297,0.023783,0
0.454416,-0.874932,0
0.077100,-0.992500,0
-0.602341,-0.545147,0
-0.351934,-0.272291,0
-0.099005,0.848645,0
-0.460114,0.579046,0
-0.157501,0.719857,0
0.127617,-0.957974,0
-0.055274,0.786730,0
-0.105899,0.769926,0
-0.938659,0.141138,0
-0.660070,-0.695204,0
0.645734,0.275732,0
0.229376,-0.544414,0
-0.261088,-0.157586,0
0.433384,0.392655,0
-0.428901,0.032308,0
-0.727700,-0.593678,0
-0.258170,0.846373,0
0.215655,-0.913506,0
-0.742665,0.480051,0
0.183328,-0.073422,0
0.710047,0.209363,0
0.028244,-0.105841,0
-0.147881,0.155342,0
-0.119663,0.685333,0
0.640776,-0.205928,0
0.059483,0.171644,0
-0.333912,0.577497,0
0.520241,-0.243616,0
-0.536643,0.744993,0
-0.905889,0.249731,0
0.429694,-0.241585,0
-0.080892,-0.532406,0
0.539703,0.175274,0
0.675466,0.140519,0
0.180774,0.230913,0
-0.680585,0.385751,0
0.508142,-0.098954,0
-0.819852,-0.042922,0
-0.482361,0.552564,0
0.157061,0.048288,0
-0.795059,0.043381,0
-0.774136,-0.140403,0
-0.750738,0.037321,0
-0.820693,0.372107,0
-0.457707,-0.727670,0
-0.292097,0.706880,0
-0.101306,-0.463397,0
-0.741390,0.358247,0
-0.319626,-0.220996,0
-0.199070,-0.333723,0
0.551314,-0.032440,0
-0.862938,-0.404151,0
-0.340970,0.696232,0
0.721743,-0.095329,0
-0.681090,0.303507,0
-0.964066,-0.213486,0
0.570954,-0.003330,0
-0.870437,0.243595,0
-0.223217,-0.508108,0
0.170187,0.006024,0
-0.220606,0.630344,0
-0.114741,0.725834,0
-0.486506,-0.866206,0
0.044317,-0.006002,0
0.449287,0.480772,0
-0.124660,0.851152,0
-0.901741,0.277243,0
0.640073,-0.198259,0
-0.850900,0.317756,0
0.001148,0.161241,0
-0.230970,0.840031,0
0.295318,-0.539247,0
-0.342963,0.276363,0
-0.368531,-0.395203,0
-0.478124,0.574802,0
-0.333363,0.207049,0
0.033322,-0.401110,0
-0.395563,0.741303,0
-0.335053,0.817765,0
0.489813,0.475482,0
0.195036,0.250920,0
-0.401191,-0.045231,0
-0.687602,0.401502,0
-0.773399,-0.469951,0
-0.020341,0.866364,0
0.000000,0.000000,0
-0.906597,0.164567,0
-0.307114,-0.153886,0
-0.443683,-0.762329,0
0.211382,0.017827,0
-0.851239,0.401736,0
0.201846,0.673244,0
0.534145,0.307716,0
-0.366685,0.820696,0
-0.753166,-0.594761,0
-0.120719,0.754604,0
-0.414826,0.591540,0
-0.801366,0.238355,0
-0.581514,0.477327,0
-0.882632,0.070434,0
0.355894,0.537903,0
0.480964,-0.461166,0
-0.455431,-0.024143,0
-0.332219,-0.160096,0
0.433205,-0.849902,0
0.491331,0.208791,0
0.129293,-0.570336,0
0.389542,-0.916655,0
0.039447,0.128234,0
-0.756302,-0.002769,0
-0.491671,-0.828408,0
-0.643282,0.604308,0
0.301549,0.672360,0
-0.503131,0.570841,0
0.619126,-0.773100,0
0.074145,-0.074178,0
0.059149,-0.955249,0
0.664699,0.205368,0
-0.100731,0.169862,0
-0.374257,-0.771966,0
0.167210,-0.590797,0
-0.592284,-0.552449,0
-0.547252,0.671949,0
-0.356374,-0.144906,0
-0.920868,0.001278,0
-0.042631,0.207804,0
0.167002,-0.010508,0
-0.274804,0.278357,0
-0.288463,-0.383130,0
0.665579,-0.202495,0
0.186542,0.678382,0
-0.559626,0.689796,0
-0.659350,0.352503,0
-0.216567,0.118739,0
-0.056406,-0.578635,0
0.535506,-0.345302,0
-0.737645,-0.287889,0
-0.245534,0.727127,0
-0.851864,-0.091255,0
0.682258,0.280221,0
-0.918220,-0.268090,0
-0.178529,0.831341,0
-0.593495,0.664653,0
0.569703,-0.270995,0
0.183614,0.057321,0
-0.887135,0.214457,0
0.469229,-0.266128,0
-0.703554,0.465845,0
-0.719971,0.263897,0
-0.361622,0.158838,0
0.178506,0.270436,0
0.040866,0.851663,0
-0.527139,-0.762971,0
0.435717,-0.367629,0
0.580701,0.466676,0
-0.785589,-0.568198,0
-0.369562,-0.820015,0
-0.845873,0.414123,0
-0.052979,-0.485997,0
0.333389,-0.385813,0
0.049823,-0.940488,0
0.232857,0.052704,0
-0.280695,0.793228,0
-0.296007,0.603639,0
-0.807749,-0.490450,0
0.321439,-0.511544,0
-0.550896,-0.827958,0
0.669149,-0.110632,0
0.590629,-0.234856,0
0.448719,-0.398310,0
-0.118627,0.271896,0
0.554785,-0.138612,0
0.326460,-0.302363,0
-0.484996,0.516506,0
0.092277,-0.959419,0
-0.324480,-0.301186,0
-0.697042,-0.698665,0
0.416576,-0.324753,0
-0.205035,-0.863690,0
0.111753,0.074238,0
-0.599226,0.415847,0
-0.612369,0.532921,0
-0.229992,-0.857382,0
-0.823976,-0.205094,0
0.319360,0.749673,0
-0.502514,-0.111712,0
-0.724581,-0.488859,0
0.491747,-0.370384,0
-0.939043,-0.176633,0
-0.366783,0.566101,0
-0.406484,-0.885308,0
0.832235,-0.552617,0
-0.508788,0.648949,0
-0.108033,0.864482,0
-0.908404,-0.069298,0
0.604757,0.365060,0
-0.749869,-0.403357,0
-0.464752,-0.877500,0
-0.760431,-0.299575,0
-0.562965,0.565748,0
-0.030314,-0.045619,0
0.185508,-0.097913,0
-0.209924,0.287979,0
0.744120,-0.662786,0
-0.048291,-0.970396,0
-0.399994,-0.002145,0
0.315623,0.741877,0
-0.692898,-0.643344,0
-0.186655,-0.479750,0
0.323471,-0.324602,0
0.052819,-0.138601,0
0.327092,-0.546819,0
-0.290278,0.075753,0
0.047217,0.088151,0
0.022764,0.156467,0
0.553793,0.017696,0
-0.442586,-0.219358,0
0.679762,0.133878,0
-0.713596,0.517475,0
0.668510,-0.743703,0
0.476296,0.461673,0
-0.515067,0.526029,0
0.079723,-0.025381,0
-0.507918,-0.687764,0
0.497261,-0.834704,0
0.520748,-0.292953,0
0.577263,0.468794,0
-0.444698,0.795137,0
-0.410050,-0.752236,0
-0.379637,0.646433,0
0.180949,0.035463,0
0.470942,-0.808216,0
-0.127801,-0.907561,0
-0.872180,-0.017396,0
0.598593,-0.731906,0
-0.725872,0.558668,0
-0.663724,0.556301,0
-0.197167,-0.268561,0
-0.352382,-0.133518,0
0.631558,0.368964,0
-0.523867,-0.760633,0
0.203478,0.653909,0
0.016055,0.347480,0
-0.355954,-0.222028,0
-0.785373,-0.298644,0
-0.126161,0.679767,0
-0.356649,-0.834147,0
-0.011818,0.847856,0
0.541877,-0.399211,0
0.078501,-0.028941,0
-0.127827,0.765284,0
-0.200510,-0.522299,0
0.495893,-0.337772,0
-0.033790,-0.062115,0
0.675319,-0.218962,0
-0.692703,0.305226,0
0.127680,-0.617817,0
0.492671,0.321364,0
-0.015955,-0.041778,0
-0.480853,0.740797,0
0.321170,-0.898248,0
-0.311440,-0.063284,0
0.799007,-0.526866,0
-0.411315,0.602345,0
0.021167,0.239900,0
0.149259,0.262148,0
-0.284671,0.667804,0
-0.871422,-0.269489,0
0.269241,0.605400,0
-0.795218,0.470774,0
-0.148578,-0.341942,0
-0.368169,0.156370,0
-0.828709,-0.559680,0
0.522366,0.616550,0
0.075492,0.230870,0
0.243175,-0.364508,0
-0.102457,-0.930324,0
0.347047,0.576679,0
0.487998,-0.866521,0
0.216264,0.765003,0
0.042222,0.643597,0
0.056763,-0.476212,0
-0.860328,0.042855,0
0.115032,-0.392132,0
-0.248199,0.693107,0
-0.295177,0.166945,0
-0.153875,-0.863321,0
-0.608244,-0.786791,0
0.556144,0.343080,0
-0.225290,0.329005,0
-0.750719,0.182812,0
-0.982381,0.099633,0
-0.072973,-0.540994,0
-0.539763,-0.650888,0
0.154584,0.155254,0
-0.461981,-0.252138,0
-0.506687,0.721296,0
-0.126482,0.634825,0
-0.152872,-0.296024,1
0.535358,-0.579130,1
-0.395560,0.493490,1
0.489326,0.102762,1
0.224772,-0.808380,1
-0.432192,-0.527456,1
0.336251,0.030585,1
-0.640032,0.190680,1
0.018598,-0.675762,1
-0.204619,-0.690023,1
0.823957,-0.360687,1
-0.720076,-0.116149,1
0.929807,-0.287157,1
0.899102,0.081334,1
-0.133478,0.525532,1
0.294842,0.118609,1
0.299782,-0.176440,1
0.540715,0.804753,1
-0.245616,-0.645502,1
0.493545,0.720703,1
0.000000,0.000000,1
0.772942,0.143390,1
-0.557522,0.805711,1
-0.281838,0.424932,1
0.627755,-0.352027,1
0.249747,-0.331098,1
0.739196,-0.299314,1
0.080167,0.474946,1
-0.578045,0.379294,1
0.183529,0.527558,1
-0.565924,0.231797,1
-0.691757,-0.370773,1
0.195284,-0.666981,1
-0.184254,-0.697890,1
0.387733,-0.778886,1
0.035978,0.026563,1
0.240285,0.255466,1
-0.514072,-0.183656,1
0.365882,-0.761663,1
0.391081,-0.221486,1
-0.470261,-0.424092,1
0.734867,0.615606,1
-0.171297,-0.784001,1
0.530838,-0.732947,1
0.221701,-0.819054,1
0.024957,0.399221,1
0.788167,-0.186529,1
0.365612,0.923216,1
0.034796,-0.789170,1
0.833848,-0.026419,1
0.190859,0.861727,1
-0.643041,-0.086589,1
0.884836,0.118597,1
0.585415,-0.601073,1
0.420945,0.133437,1
0.593008,0.722732,1
-0.493204,0.384383,1
0.915332,0.363548,1
0.025563,0.890700,1
0.253832,0.896978,1
-0.677801,-0.188643,1
-0.186005,0.553536,1
-0.368615,-0.479711,1
-0.051147,-0.235338,1
0.575574,-0.626670,1
-0.036540,-0.211341,1
-0.255961,0.911309,1
-0.254816,0.949773,1
-0.183181,-0.135812,1
0.311564,0.915384,1
-0.093692,-0.325917,1
0.839225,0.322026,1
0.025414,0.048519,1
0.650325,-0.639591,1
-0.188271,0.039421,1
0.727263,0.288250,1
0.875944,-0.117139,1
0.521195,-0.728255,1
0.744183,0.463887,1
0.145550,0.408430,1
-0.690661,-0.089373,1
0.803638,0.142004,1
-0.998455,0.055564,1
-0.508459,0.841112,1
-0.551782,0.124644,1
-0.458715,0.839989,1
0.835112,-0.404461,1
-0.149598,0.496609,1
-0.293463,-0.524289,1
0.679751,-0.256786,1
0.795374,-0.519981,1
0.692308,0.630642,1
0.355263,0.302965,1
-0.319845,0.883006,1
-0.111014,-0.613739,1
-0.105014,-0.323994,1
-0.556749,-0.089611,1
0.288966,-0.817618,1
0.753075,-0.104299,1
-0.423519,-0.509541,1
0.842862,0.386760,1
0.541616,0.648577,1
0.324267,0.289571,1
-0.148261,0.955520,1
-0.612126,-0.185207,1
0.167407,0.984873,1
-0.107292,-0.038581,1
-0.040433,-0.829075,1
0.789157,-0.115026,1
-0.031624,-0.356370,1
0.751815,0.442465,1
0.373587,-0.784495,1
0.825079,0.203090,1
-0.087698,0.932904,1
0.235418,-0.059818,1
-0.234331,-0.706462,1
0.278574,0.219992,1
-0.159734,-0.757948,1
0.047615,-0.840674,1
0.782224,0.190066,1
-0.291903,-0.609748,1
0.485803,0.675274,1
0.302436,-0.755336,1
-0.473164,0.465957,1
0.333590,-0.729190,1
-0.247407,-0.069209,1
0.523708,-0.756128,1
0.155968,0.498672,1
-0.178335,-0.691518,1
-0.452326,-0.422376,1
0.082417,-0.314972,1
-0.520374,-0.110505,1
-0.139979,-0.283559,1
0.747497,0.339481,1
-0.675034,-0.399161,1
0.164719,-0.772572,1
0.645739,-0.319407,1
-0.556112,-0.282381,1
0.378056,0.223772,1
-0.533485,-0.615137,1
-0.374585,0.893692,1
0.459044,0.221988,1
-0.750818,-0.096296,1
0.580158,0.789567,1
0.983709,0.135342,1
-0.654092,0.084641,1
-0.256101,-0.578284,1
0.724787,-0.225129,1
0.366086,0.887120,1
0.587789,0.611968,1
0.185362,-0.350201,1
0.690107,0.595610,1
-0.529209,0.133932,1
-0.116063,-0.156619,1
0.123094,0.571706,1
0.394053,0.108269,1
0.131404,-0.723003,1
0.280616,0.397812,1
0.193245,0.558262,1
-0.488817,-0.262789,1
0.588225,-0.401237,1
-0.304091,0.445565,1
-0.674120,0.081006,1
-0.750951,0.628548,1
0.761503,-0.430248,1
-0.275026,-0.609394,1
-0.060375,-0.159232,1
0.240961,0.960697,1
0.454042,-0.794888,1
0.103969,-0.782426,1
0.428612,-0.633476,1
-0.709307,-0.160883,1
-0.570402,0.051393,1
-0.400855,-0.481991,1
-0.252030,0.956808,1
0.826529,0.121858,1
0.655233,-0.329651,1
-0.146345,-0.250166,1
0.387230,0.007261,1
0.430863,0.111164,1
0.900755,0.248274,1
0.775484,-0.220510,1
-0.537644,-0.615580,1
0.900913,0.057933,1
-0.419285,-0.487032,1
-0.535307,0.403047,1
0.939596,-0.190156,1
0.611422,0.586654,1
-0.705257,-0.180591,1
0.269844,-0.259199,1
0.742783,-0.221975,1
-0.489385,-0.630478,1
0.822180,-0.004439,1
0.560639,-0.509592,1
0.883705,-0.197649,1
-0.462007,0.261819,1
0.398770,0.896651,1
0.781862,-0.390759,1
-0.275401,-0.592583,1
-0.422611,0.339706,1
-0.619705,0.699261,1
-0.579857,-0.150885,1
0.907790,0.054013,1
-0.123694,-0.709718,1
-0.511273,0.186011,1
-0.615637,-0.447204,1
-0.616167,0.119741,1
0.309999,0.083070,1
0.327252,0.043657,1
-0.055874,-0.654888,1
0.035182,-0.714676,1
0.723037,-0.590100,1
-0.445166,0.434543,1
-0.003590,0.522482,1
0.112245,0.383928,1
0.659237,-0.544433,1
0.038994,0.462038,1
-0.244751,-0.089984,1
-0.985598,0.150318,1
-0.059270,-0.733135,1
0.817870,0.473381,1
-0.555515,-0.339711,1
0.029648,0.596759,1
-0.181275,-0.247264,1
-0.612942,-0.205675,1
0.812241,-0.057135,1
-0.247656,-0.799791,1
0.748081,0.503364,1
0.373516,0.825522,1
0.876008,-0.366891,1
0.132621,0.550828,1
0.430433,0.093422,1
0.366476,0.371073,1
0.402720,0.819034,1
-0.702272,-0.147695,1
0.312737,0.811293,1
0.758186,-0.123101,1
0.736019,0.255493,1
0.594004,-0.702964,1
0.523967,-0.706724,1
-0.233031,0.354537,1
0.234505,-0.807470,1
0.884712,0.351118,1
0.279513,-0.663982,1
-0.581312,0.386103,1
0.307474,-0.038210,1
0.651483,-0.380224,1
0.120641,-0.863971,1
0.293598,-0.707672,1
0.886629,-0.287906,1
-0.101948,0.605480,1
-0.146154,-0.231601,1
0.917821,-0.213554,1
0.379332,-0.622180,1
0.062763,-0.708563,1
0.546402,-0.722111,1
0.343638,0.062553,1
0.860813,-0.000920,1
0.873917,-0.379829,1
0.433187,0.278118,1
0.221733,-0.639402,1
0.179062,0.898297,1
0.220891,0.314971,1
0.129226,-0.208088,1
-0.008763,0.564733,1
-0.250606,-0.559640,1
0.368775,0.002236,1
-0.414133,-0.651532,1
0.270627,-0.191732,1
0.552503,0.824464,1
-0.354665,0.837384,1
0.772567,0.503131,1
-0.280260,0.551774,1
0.761676,0.512688,1
-0.602399,0.741697,1
0.460155,0.711518,1
0.513108,-0.760737,1
-0.172626,-0.164925,1
-0.593403,-0.147894,1
0.842079,0.488776,1
0.436884,-0.033653,1
0.474156,-0.034294,1
0.750365,-0.470056,1
-0.077052,-0.734209,1
0.684477,0.458793,1
0.235772,-0.269094,1
0.180643,0.978963,1
0.314375,-0.775351,1
0.800539,0.552392,1
0.252213,-0.795228,1
0.800422,-0.190591,1
0.348500,0.827978,1
0.137034,-0.861523,1
-0.441894,0.802951,1
-0.262202,0.365034,1
-0.216217,-0.566789,1
0.875439,-0.169133,1
-0.629335,-0.113744,1
0.239059,0.463520,1
-0.183972,-0.071794,1
-0.628369,0.327342,1
0.852288,0.060050,1
-0.653726,0.229440,1
0.297404,-0.248095,1
0.865307,0.047361,1
-0.589523,-0.086387,1
0.189957,-0.721052,1
0.195915,-0.237944,1
0.494360,0.024665,1
0.038481,-0.743316,1
-0.381815,0.831395,1
0.384304,-0.605236,1
0.006037,-0.311390,1
0.870644,0.126406,1
0.790631,0.083080,1
-0.577352,-0.514456,1
-0.651918,0.137853,1
-0.413801,0.496758,1
0.141880,-0.229935,1
-0.166016,0.373415,1
-0.516279,0.421255,1
-0.053211,-0.795090,1
-0.419984,0.894770,1
-0.326635,0.395360,1
0.717567,-0.270366,1
-0.160906,-0.585755,1
0.750467,0.169702,1
0.389680,-0.130955,1
-0.093366,0.960356,1
-0.529464,-0.051652,1
-0.210027,0.379327,1
0.243013,-0.827614,1
-0.150104,0.391751,1
-0.558272,-0.257551,1
0.293773,0.365647,1
0.923045,0.077387,1
0.331399,0.253327,1
-0.029683,-0.187400,1
-0.242995,0.530993,1
0.183093,-0.287188,1
0.233437,-0.652309,1
-0.378400,0.357510,1
-0.278833,-0.584168,1
-0.017684,-0.291011,1
0.985219,-0.036646,1
-0.573629,0.817893,1
0.508564,-0.598634,1
-0.609639,-0.270814,1
0.481985,0.872175,1
-0.422352,-0.365539,1
0.019989,-0.637652,1
-0.311467,0.509891,1
0.745849,-0.150695,1
0.916706,-0.098231,1
0.196024,-0.348675,1
0.552587,-0.734607,1
-0.547192,-0.573220,1
0.413515,0.768118,1
0.477989,0.702514,1
-0.593235,-0.230375,1
-0.031259,0.054981,1
-0.698514,-0.251153,1
-0.487155,-0.484438,1
0.093514,0.906783,1
-0.690543,-0.158587,1
-0.039492,-0.102178,1
-0.586928,0.059295,1
0.526167,0.791296,1
0.643472,0.613958,1
0.822187,-0.320950,1
0.691043,-0.414077,1
-0.095537,-0.238480,1
-0.552975,0.096015,1
0.719272,-0.517346,1
0.629385,0.617151,1
-0.295307,0.515552,1
0.477040,0.769697,1
-0.702873,-0.337594,1
0.831713,0.015936,1
0.571682,0.783058,1
-0.093116,0.394118,1
0.680330,-0.494116,1
-0.575310,0.308250,1
0.561378,-0.617134,1
0.460676,-0.734015,1
0.509209,0.704064,1
0.787271,0.322808,1
-0.441656,0.240708,1
-0.259378,0.864710,1
-0.326856,0.379691,1
0.595076,0.763469,1
-0.147807,0.033955,1
-0.731363,-0.245168,1
0.318835,0.341093,1
-0.167375,-0.070608,1
0.166867,-0.226175,1
-0.600472,-0.037855,1
-0.016817,-0.762048,1
0.909729,0.203453,1
-0.086193,-0.796599,1
-0.553403,0.218506,1
-0.112033,-0.808980,1
0.072117,0.592283,1
0.277291,-0.045934,1
-0.221080,-0.781744,1
0.400537,0.868084,1
-0.235561,-0.111853,1
0.084657,-0.876831,1
-0.593792,0.049098,1
0.085611,0.386873,1
-0.426422,-0.454053,1
-0.643847,-0.180169,1
0.827726,-0.273623,1
-0.553109,0.353653,1
0.312165,0.224840,1
0.488406,0.765154,1
0.509655,-0.526547,1
0.382854,0.037715,1
-0.193529,0.961013,1
-0.234223,-0.612486,1
0.404678,0.788185,1
-0.039555,-0.165636,1
-0.530378,0.060819,1
0.800304,-0.323287,1
0.239407,0.435527,1
0.508398,0.729062,1
0.763103,0.369695,1
0.378452,-0.160542,1
-0.515601,-0.438356,1
-0.623213,-0.430819,1
-0.160912,0.499107,1
0.408313,0.096337,1
0.773006,-0.458760,1
0.035564,0.399669,1
0.030057,-0.259030,1
0.098113,-0.691646,1
-0.522820,0.235923,1
0.556617,-0.492116,1
0.881912,0.328986,1
-0.294488,0.349681,1
0.202191,0.349455,1
-0.521868,-0.233781,1
-0.499447,0.804085,1
0.470915,-0.585012,1
0.383936,-0.136356,1
0.038159,-0.213410,1
0.729835,-0.210571,1
-0.717450,0.057145,1
-0.112194,0.058418,1
-0.482411,0.205621,1
-0.325018,-0.543474,1
0.595792,0.692843,1
0.512315,0.708190,1
-0.091178,-0.216071,1
0.793263,0.147426,1
0.382339,-0.166784,1
0.342960,0.869125,1
0.453240,0.854736,1
-0.453843,-0.676777,1
-0.544737,-0.035526,1
0.444837,-0.572818,1
0.583658,-0.446479,1
0.407908,-0.160035,1
-0.678403,-0.404684,1
-0.072406,0.567237,1
0.978388,-0.112945,1
-0.312947,0.570144,1
-0.019948,0.024537,1
-0.401292,0.420672,1
0.884715,-0.135200,1
-0.524224,-0.293580,1
0.864340,-0.311315,1
-0.228894,-0.559113,1
0.424451,0.273572,1
0.919184,-0.187352,1
0.342707,0.330986,1
0.799715,0.276505,1
0.787590,-0.026492,1
0.681968,-0.354851,1
-0.153916,-0.065649,1
-0.238245,-0.576402,1
0.391148,0.337644,1
-0.139209,0.535370,1
0.742816,-0.214999,1
-0.722137,0.102558,1
-0.393917,0.522331,1
0.561208,0.638001,1
0.777963,0.400966,1
-0.368699,0.550510,1
-0.152048,0.029687,1
0.465065,0.103510,1
0.581179,-0.692987,1
-0.651227,-0.353416,1
-0.661122,0.104491,1
0.482297,-0.585141,1
0.733640,-0.140612,1
-0.244009,-0.058819,1
0.802239,0.115810,1
0.081429,-0.835086,1
-0.525156,-0.497203,1
-0.551213,-0.488020,1
-0.371183,-0.619050,1
-0.461392,-0.295157,1
0.174934,-0.787654,1
0.041127,-0.297168,1
0.340798,0.871698,1
-0.738222,-0.005340,1
-0.101590,-0.108071,1
0.322405,-0.268430,1
-0.647085,0.266985,1
-0.421542,0.487137,1
0.324196,-0.204687,1
-0.220490,0.939885,1
-0.111091,0.522167,1
0.064712,0.410868,1
0.011021,0.988372,1
0.474288,-0.547769,1
-0.582978,-0.046229,1
0.833120,0.381984,1
0.215011,0.312682,1
0.081578,0.970229,1
0.368810,0.244906,1
0.589368,-0.513464,1
0.783846,0.476010,1
0.393821,0.900503,1
-0.203186,-0.183617,1
0.981073,-0.049950,1
0.416081,-0.082926,1
0.149136,-0.785340,1
0.253540,-0.742104,1
0.189676,-0.695718,1
-0.005910,0.544027,1
-0.407976,0.399444,1
0.474970,-0.526691,1
-0.264309,0.892267,1
0.352940,-0.249867,1
-0.509511,-0.146283,1
-0.641941,0.030187,1
-0.186928,0.925774,1
-0.633651,0.092124,1
0.701785,-0.267391,1
0.669806,0.734412,1
-0.031513,0.002628,1
0.887747,0.199763,1
0.453085,-0.687542,1
0.806437,-0.040731,1
0.014349,-0.835341,1
-0.486835,-0.417123,1
0.232779,-0.718898,1
0.211630,0.902337,1
-0.751674,0.590751,1
0.049897,0.910225,1
0.569993,0.590007,1
-0.571801,-0.496028,1
-0.038908,-0.315414,1
0.118110,0.392492,1
0.801719,0.570304,1
-0.517766,0.323912,1
0.889747,-0.018693,1
0.918396,-0.292486,1
0.289900,-0.070414,1
-0.453780,0.504067,1
0.840776,-0.192604,1
-0.655481,0.036667,1
0.693943,0.603691,1
-0.079429,0.435535,1
-0.090703,-0.617068,1
-0.496134,-0.637065,1
-0.501762,0.351049,1
0.157492,-0.730203,1
-0.224177,0.889800,1
0.679938,-0.514475,1
-0.200642,-0.150808,1
-0.484430,0.861004,1
0.280344,-0.737839,1
0.261000,0.948620,1
0.840166,-0.134615,1
0.741684,0.539356,1
0.919907,-0.282437,1
-0.335898,0.843903,1
0.822952,-0.199376,1
0.316420,-0.704896,1
-0.363831,-0.610432,1
0.884069,0.336783,1
-0.417462,-0.499725,1
0.221694,-0.645640,1
0.594186,0.631619,1
-0.026658,0.096381,1
-0.331014,0.382662,1
0.209264,-0.149025,1
0.827208,0.258315,1
0.861204,-0.179800,1
-0.445928,-0.588344,1
-0.544352,-0.404575,1
0.257052,-0.850250,1
-0.257729,-0.613658,1
-0.851473,0.507930,1
-0.623126,-0.026718,1
0.862609,0.434632,1
0.043537,-0.810620,1
-0.294506,0.336551,1
0.056194,-0.825737,1
-0.208019,0.522234,1
0.248118,-0.716545,1
0.386441,0.248321,1
0.080175,-0.188605,1
-0.606139,-0.146952,1
-0.431385,-0.658716,1
0.081439,-0.826055,1
0.082788,-0.761673,1
0.725436,-0.292819,1
-0.513449,0.382584,1
-0.174211,0.575891,1
-0.067697,0.597844,1
-0.282302,-0.665061,1
0.899660,-0.274977,1
0.663241,0.625389,1
-0.037069,-0.807233,1
-0.390304,0.262036,1
0.639162,0.654578,1
0.394612,0.241415,1
0.371831,0.850730,1
0.634157,-0.676642,1
-0.155477,-0.842512,1
0.691620,-0.505631,1
0.789427,-0.082496,1
-0.567900,0.022115,1
0.376645,-0.670178,1
-0.643949,0.187962,1
0.605318,0.537206,1
-0.537962,-0.107689,1
0.462531,0.797537,1
-0.687814,-0.223411,1
-0.184442,-0.109458,1
0.310776,0.931353,1
0.101962,0.570617,1
0.430630,0.263738,1
-0.634906,-0.312880,1
-0.157327,0.575542,1
0.365803,-0.719158,1
0.483589,0.849789,1
0.805279,0.394368,1
0.983534,0.060511,1
0.275377,-0.100833,1
0.076234,0.493141,1
0.053039,-0.377077,1
-0.127753,0.462255,1
0.645497,-0.401663,1
-0.064878,0.577746,1
0.694091,-0.377143,1
0.098728,-0.349647,1
0.880372,0.223486,1
-0.250637,0.398975,1
-0.457106,-0.430179,1
-0.149925,-0.203771,1
-0.120770,0.574817,1
0.828683,-0.266992,1
-0.348125,-0.569920,1
-0.624046,-0.263754,1
0.289340,0.131463,1
0.818199,0.080938,1
0.211717,0.504159,1
0.305843,0.259731,1
0.276662,-0.659134,1
-0.056586,-0.271658,1
-0.422575,0.333812,1
0.152773,-0.728464,1
0.236228,0.352415,1
0.840851,0.535696,1
0.025882,0.589347,1
-0.555453,-0.323222,1
-0.687246,0.697634,1
-0.620988,0.193323,1
-0.176034,0.935421,1
-0.018130,-0.341572,1
0.134813,0.969962,1
-0.007269,0.567404,1
0.885061,-0.267707,1
0.821463,-0.384965,1
0.909431,0.408577,1
-0.010804,-0.121997,1
0.152584,0.919085,1
0.796444,-0.516407,1
0.734580,0.549903,1
-0.170224,0.004873,1
0.477856,0.817100,1
0.905289,-0.226830,1
0.402335,-0.782385,1
-0.030331,-0.710690,1
0.946670,0.278957,1
0.678566,0.463193,1
0.625486,-0.507708,1
-0.960746,0.240765,1
0.010259,0.029912,1
0.372957,0.303155,1
-0.534208,0.067984,1
0.665214,-0.629675,1
0.635165,-0.650819,1
0.395092,0.749601,1
0.813860,-0.098145,1
0.461949,-0.727051,1
0.707837,-0.186994,1
0.620165,-0.502390,1
-0.023348,0.107028,1
0.923398,-0.193227,1
0.010253,-0.317640,1
0.791047,0.101216,1
-0.018038,0.619415,1
0.367280,0.919296,1
0.762376,0.519406,1
-0.642626,0.195019,1
-0.379828,-0.548389,1
-0.581731,-0.487432,1
0.007153,-0.756273,1
0.120860,0.378672,1
-0.598085,0.324490,1
-0.648848,-0.330146,1
0.108787,0.891720,1
0.599664,0.692389,1
-0.082820,0.516857,1
0.460885,0.812764,1
0.045745,-0.784798,1
0.342793,-0.703912,1
-0.524614,-0.617074,1
-0.389917,0.442679,1
-0.167063,-0.118701,1
0.141290,0.378202,1
0.324012,-0.816711,1
0.973384,-0.092328,1
-0.082999,-0.255169,1
-0.469788,-0.315118,1
-0.100273,0.468983,1
-0.589801,-0.173592,1
-0.563500,-0.224651,1
0.924697,-0.118052,1
-0.159161,0.504646,1
0.288099,-0.277487,1
-0.063556,0.590729,1
-0.891211,0.423962,1
-0.585247,-0.374814,1
-0.655661,0.272230,1
0.387508,0.903237,1
0.771489,0.183863,1
-0.369045,0.490720,1
0.069093,-0.165004,1
0.347094,0.229185,1
0.240316,-0.221919,1
0.421753,-0.780464,1
-0.318828,0.399185,1
-0.467655,0.193130,1
0.123393,-0.377855,1
-0.343162,0.373148,1
-0.599689,-0.493329,1
0.681669,-0.270789,1
0.046946,-0.325263,1
0.889305,0.378334,1
0.298433,-0.682596,1
0.374525,0.093440,1
-0.021029,-0.334003,1
0.881405,0.380953,1
0.534539,0.649051,1
-0.325826,-0.732009,1
-0.506543,-0.058428,1
-0.017504,0.026337,1
-0.484804,-0.286296,1
-0.163482,0.936629,1
-0.432217,0.846279,1
0.272756,0.393197,1
0.284897,0.322232,1
0.524549,0.712635,1
0.152126,-0.242606,1
0.297209,-0.169313,1
0.263200,0.282357,1
0.184652,0.491837,1
-0.047426,0.943266,1
0.273729,0.176275,1
0.739242,0.602928,1
0.384171,-0.020305,1
0.255133,-0.062508,1
-0.081461,0.904635,1
0.039921,-0.323120,1
-0.288834,0.474947,1
0.262030,-0.210571,1
-0.879638,0.442986,1
0.492417,0.866329,1
0.883930,-0.388160,1
0.208308,-0.208825,1
0.573790,-0.708354,1
0.046071,0.397338,1
-0.630587,0.219909,1
0.525258,0.697212,1
0.649531,-0.510009,1
-0.226860,-0.711712,1
0.396753,0.326477,1
0.708271,-0.595275,1
-0.635560,0.181834,1
0.317101,0.795265,1
0.887959,0.107370,1
0.393868,0.897145,1
-0.707517,-0.058475,1
0.893757,-0.310160,1
0.029465,-0.247248,1
0.293143,-0.266584,1
0.093658,0.864424,1
0.170969,-0.744829,1
0.551409,-0.480571,1
0.464708,-0.063609,1
0.386569,-0.814595,1
-0.665318,0.208212,1
0.337406,-0.192762,1
0.119838,-0.220542,1
0.399174,0.765937,1
-0.130321,-0.240866,1
0.891543,0.281339,1
0.476170,-0.016195,1
0.015510,-0.773149,1
0.366825,0.835128,1
0.940786,0.264428,1
0.101058,-0.766673,1
0.012505,0.061997,1
0.815973,0.562306,1
-0.559708,0.201809,1
0.877017,-0.125862,1
0.515486,0.790110,1
-0.032654,-0.238608,1
-0.259081,-0.768685,1
0.004957,-0.766796,1
-0.071095,0.527205,1
-0.297856,-0.753181,1
-0.241784,0.970330,1
-0.083034,-0.226065,1
-0.192543,0.601604,1
0.818232,-0.116177,1
0.347022,0.023994,1
-0.006193,-0.192254,1
-0.629333,-0.442651,1
0.260167,0.930759,1
-0.037918,0.499562,1
-0.416289,0.315759,1
0.651774,0.535902,1
-0.207632,0.412176,1
-0.230879,-0.560977,1
0.909978,0.271920,1
0.026052,-0.168289,1
0.167678,-0.346243,1
0.222674,0.913464,1
0.575368,0.808673,1
0.784462,-0.454554,1
0.770211,0.601478,1
-0.168919,-0.049663,1
0.785059,0.136684,1
-0.638589,0.167942,1
-0.508684,-0.015522,1
0.794138,-0.302232,1
0.332317,0.355761,1
-0.049987,0.902497,1
-0.639614,-0.088847,1
-0.024555,-0.713721,1
0.505427,0.837582,1
0.758221,0.141780,1
0.380228,0.049259,1
-0.193368,0.949531,1
-0.237571,0.364088,1
0.269522,-0.668100,1
-0.466019,0.494799,1
0.028515,0.535898,1
-0.608475,0.326738,1
-0.348094,-0.763434,1
-0.614252,0.733958,1
0.314593,0.417170,1
0.743116,-0.523239,1
0.568113,-0.439599,1
0.803872,-0.329833,1
-0.896632,0.405033,1
-0.266553,0.541248,1
-0.030822,-0.689239,1
-0.192378,0.922491,1
0.655776,0.752301,1
-0.042765,-0.352379,1
0.439946,0.086299,1
0.037059,-0.231574,1
-0.480058,0.256016,1
-0.542237,0.793082,1
-0.444534,0.886222,1
-0.655153,0.027833,1
-0.649979,-0.229187,1
0.409137,0.156867,1
0.776479,0.591676,1
-0.337312,-0.703719,1
0.662217,-0.487308,1
-0.487230,0.334077,1
-0.486856,0.063020,1
0.651784,0.684235,1
0.409468,0.065849,1
0.276079,-0.248557,1
-0.802683,0.575065,1
0.491571,-0.532314,1
-0.536031,-0.136640,1
0.838715,0.067509,1
-0.443402,0.288782,1
0.960716,0.161320,1
0.871665,-0.014177,1
0.800751,0.236215,1
0.547534,0.682793,1
0.368046,0.923874,1
0.362105,-0.681087,1
0.363377,-0.570926,1
0.128010,-0.136431,1
0.782797,0.492167,1
0.906801,-0.216131,1
-0.453363,-0.669673,1
-0.097765,0.602861,1
-0.547859,-0.082769,1
-0.081224,-0.632774,1
-0.325194,-0.726807,1
0.974838,-0.087702,1
-0.434610,-0.510993,1
0.215205,0.398355,1
-0.439131,0.170776,1
0.643474,0.624453,1
-0.613585,0.201279,1
-0.461514,0.491939,1
0.701097,-0.257803,1
-0.264697,0.929481,1
-0.524228,0.013590,1
-0.550704,-0.026918,1
-0.533926,0.137562,1
0.209341,0.410093,1
0.340407,-0.078248,1
0.461018,0.787060,1
-0.335684,-0.473620,1
0.485198,-0.601317,1
0.478939,-0.051162,1
0.829344,0.226249,1
-0.180755,0.577345,1
-0.035798,-0.705492,1
-0.462315,0.270676,1
-0.445879,-0.697992,1
-0.581802,-0.067126,1
-0.590142,0.041622,1
-0.036651,-0.866404,1
0.925838,0.216387,1
0.823026,0.156935,1
-0.703255,0.020789,1
0.385116,-0.773101,1
-0.278846,0.386322,1
-0.514300,-0.475915,1
0.373465,-0.813956,1
0.028036,0.084935,1
-0.242030,-0.611082,1
-0.143365,-0.213182,1
0.140270,0.893490,1
0.658846,0.530021,1
0.518184,0.827940,1
-0.129681,-0.100911,1
-0.621147,0.241197,1
0.682511,-0.370377,1
0.161474,-0.756919,1
0.574936,-0.632020,1
-0.629261,-0.389912,1
0.523279,-0.632597,1
-0.488948,-0.225676,1
0.859167,0.099160,1
0.367448,0.094772,1
0.499967,0.673078,1
-0.030045,0.448439,1
0.302678,0.111292,1
0.323507,-0.682161,1
-0.164206,-0.767487,1
-0.138404,0.494818,1
0.031612,-0.776531,1
0.116690,-0.195917,1
-0.102243,0.409324,1
0.810682,-0.213998,1
0.428748,-0.696545,1
0.122366,0.532002,1
-0.084823,-0.631510,1
-0.431100,0.506115,1
-0.165616,-0.754037,1
0.311760,-0.843093,1
0.001855,-0.148312,1
0.876800,-0.404007,1
0.810152,0.112490,1
-0.149144,-0.617054,1
-0.376664,-0.481793,1
0.796987,-0.028496,1
0.511177,-0.708307,1
-0.426716,0.350590,1
0.691697,0.431921,1
0.773419,-0.469918,1
-0.290878,0.342622,1
0.614220,-0.405874,1
0.258719,0.313153,1
0.453491,-0.073117,1
-0.038509,-0.665971,1
0.134030,0.317862,1
0.818801,0.389314,1
0.611090,0.619329,1
0.555097,0.699905,1
0.756826,0.310184,1
