0.261841,0.578307,0
0.678653,0.037811,0
0.403996,-0.227568,0
-0.716836,-0.614122,0
-0.252974,0.002053,0
-0.669961,0.516867,0
-0.753002,-0.593286,0
-0.534116,0.517417,0
0.332910,0.541453,0
-0.009773,-0.601585,0
0.597493,-0.031654,0
-0.098795,-0.349628,0
0.442338,-0.896849,0
0.189563,0.130636,0
0.088643,0.071711,0
-0.638740,0.432448,0
-0.880950,0.144664,0
0.313233,-0.941215,0
-0.573203,-0.639092,0
0.394765,0.466005,0
-0.421779,0.759014,0
-0.206398,-0.270924,0
0.865349,-0.493124,0
-0.555536,-0.624003,0
-0.198923,-0.318480,0
0.502673,-0.800825,0
0.052860,-0.402748,0
-0.092187,-0.939948,0
0.476689,0.568127,0
-0.627156,-0.642398,0
0.380008,0.643890,0
-0.836587,0.110101,0
-0.892505,0.297380,0
-0.880700,-0.444260,0
0.751825,-0.648660,0
-0.502720,-0.820532,0
-0.432927,0.620140,0
0.240487,0.131020,0
-0.809874,0.498101,0
0.566368,0.438438,0
-0.101849,0.254218,0
-0.289759,0.275753,0
0.133111,0.016775,0
0.150968,0.739059,0
0.484994,-0.186495,0
0.521524,-0.262703,0
0.468542,-0.295751,0
-0.753440,-0.139027,0
0.467453,-0.458789,0
-0.288372,0.264275,0
0.456502,-0.156864,0
-0.782898,0.291669,0
-0.114569,0.157715,0
0.722745,-0.688941,0
-0.721699,-0.393892,0
0.146514,0.778160,0
-0.191218,0.622443,0
0.119642,0.026186,0
-0.334017,-0.858157,0
-0.399830,-0.152106,0
-0.927793,-0.046903,0
-0.456863,-0.171104,0
0.089020,-0.384806,0
-0.145082,0.864842,0
-0.271644,-0.517889,0
-0.655684,0.668640,0
-0.627801,0.600721,0
0.510738,0.360758,0
0.114027,-0.484766,0
-0.548293,-0.625599,0
0.839582,-0.498099,0
0.003533,-0.113963,0
-0.373783,-0.219741,0
0.089654,0.281002,0
-0.420635,-0.138081,0
0.117945,-0.109949,0
0.214153,-0.599282,0
-0.145987,0.838861,0
-0.819754,-0.137851,0
0.138427,0.271731,0
-0.466959,0.577017,0
0.108512,0.259278,0
-0.793543,0.392796,0
-0.424516,0.028032,0
-0.335930,-0.791297,0
0.457632,0.659980,0
0.174311,0.610422,0
-0.923001,-0.268457,0
0.669636,-0.116563,0
0.357005,0.571443,0
0.052676,0.635787,0
-0.762226,-0.194966,0
0.364760,-0.531930,0
-0.164902,0.347573,0
-0.075858,0.659731,0
0.158468,0.787964,0
0.605883,-0.268153,0
-0.224058,-0.931557,0
0.062751,0.007896,0
0.735025,0.041695,0
-0.086304,-0.572321,0
-0.255549,-0.940050,0
-0.014484,0.725803,0
-0.338693,0.079291,0
0.286346,-0.935418,0
0.035063,-0.880778,0
0.005196,0.264524,0
-0.331564,0.008089,0
-0.807925,0.476715,0
-0.728988,0.438835,0
0.641391,0.294309,0
0.026364,-0.057489,0
-0.898352,0.236568,0
-0.092260,0.814548,0
0.250890,-0.948712,0
0.104328,-0.923643,0
-0.610503,-0.791383,0
-0.050851,0.332286,0
-0.457928,-0.224280,0
-0.033036,0.651083,0
0.643652,-0.206668,0
-0.104733,-0.412348,0
0.460253,-0.350952,0
-0.564333,-0.761267,0
-0.367440,0.137796,0
0.177465,-0.959430,0
-0.572655,-0.715588,0
0.598722,0.241935,0
-0.153536,0.174432,0
0.460287,0.337841,0
-0.373172,-0.338737,0
0.385258,-0.431944,0
-0.343637,-0.279130,0
0.508912,-0.811793,0
0.884915,-0.450473,0
0.285912,0.795144,0
-0.749536,0.078710,0
-0.337845,-0.144432,0
-0.211605,-0.325919,0
0.512238,0.483334,0
-0.376093,0.787118,0
-0.343112,0.655953,0
0.180376,0.665180,0
0.057171,0.701236,0
0.095073,-0.126337,0
0.185417,0.112341,0
0.621335,0.491876,0
-0.721969,-0.371161,0
0.282997,0.740211,0
0.376156,0.636794,0
-0.036045,-0.544702,0
-0.381395,0.086819,0
0.390150,-0.832336,0
0.050690,0.135759,0
-0.312173,-0.487389,0
-0.384131,-0.844656,0
0.019364,0.208866,0
-0.456945,0.056579,0
-0.837513,0.351528,0
0.567362,-0.274044,0
-0.827608,-0.223753,0
0.128419,0.671199,0
0.686057,0.261392,0
-0.742255,-0.289927,0
0.141957,-0.878549,0
-0.377342,-0.770463,0
0.064966,0.157415,0
-0.342161,0.186884,0
-0.086535,-0.924939,0
-0.317524,-0.158677,0
-0.297460,-0.903060,0
0.569753,0.073360,0
0.706576,-0.041829,0
0.119951,-0.881823,0
0.098938,0.134949,0
0.552735,-0.765169,0
0.205716,0.697625,0
-0.759725,0.028596,0
-0.798716,-0.411161,0
-0.313207,-0.347709,0
0.087462,-0.057882,0
0.576010,-0.176670,0
0.051613,0.349766,0
-0.107177,0.326364,0
-0.628741,-0.652446,0
0.086251,-0.606268,0
-0.633697,0.391700,0
-0.867471,0.097440,0
-0.300948,-0.474795,0
-0.513840,-0.670051,0
0.686460,-0.042103,0
-0.620617,0.477320,0
-0.717610,-0.382146,0
-0.806984,-0.456921,0
0.204425,0.798255,0
0.105690,0.140818,0
0.230005,-0.961300,0
0.000000,0.000000,0
0.565261,-0.816994,0
0.229351,-0.421187,0
0.459314,-0.489929,0
0.394153,-0.306012,0
0.618064,0.291541,0
0.157860,-0.008956,0
0.700869,0.256481,0
0.005061,0.748314,0
-0.040775,-0.466195,0
-0.243601,0.841224,0
0.468242,0.680257,0
-0.680182,-0.690182,0
0.134873,0.617907,0
-0.037745,-0.369561,0
-0.034937,-0.591422,0
0.320981,-0.352095,0
-0.578695,-0.621379,0
0.378995,0.525702,0
0.066797,0.674936,0
0.581442,-0.273725,0
0.640295,-0.004722,0
0.510536,0.230984,0
0.225623,0.561332,0
0.048418,0.338608,0
-0.713120,0.253890,0
0.339564,-0.314160,0
-0.720658,0.479221,0
-0.137566,-0.382198,0
0.107711,0.776787,0
0.444373,0.553654,0
0.526957,0.308734,0
0.736176,-0.640348,0
0.097720,-0.399313,0
-0.006341,-0.523412,0
0.085488,-0.571570,0
-0.107457,-0.561652,0
-0.398847,-0.054044,0
0.750810,0.065459,0
-0.163778,0.212548,0
0.827695,-0.555806,0
-0.952544,0.220592,0
0.644290,0.442594,0
0.026317,-0.428144,0
-0.770841,-0.358893,0
0.428348,0.495497,0
-0.550295,0.719844,0
0.543846,0.149101,0
-0.866064,0.192181,0
-0.634393,0.674941,0
0.470419,0.347427,0
0.433966,0.623437,0
-0.293879,0.599696,0
0.556784,0.438169,0
0.370627,-0.922841,0
0.468287,0.532642,0
-0.820409,0.451586,0
-0.904697,0.193710,0
-0.152844,-0.325021,0
-0.154634,0.786822,0
-0.924214,0.199570,0
0.253724,-0.398277,0
0.510214,-0.786563,0
0.617542,0.025341,0
-0.412763,-0.269493,0
0.224826,0.628055,0
-0.812781,-0.096889,0
0.464054,-0.478178,0
-0.902584,-0.182599,0
0.179107,-0.486745,0
0.227235,0.639034,0
0.422321,-0.269527,0
-0.218998,0.661090,0
-0.374571,0.611307,0
0.466184,-0.878449,0
-0.646117,0.361293,0
-0.685283,0.279977,0
0.622532,0.365313,0
0.486880,-0.113790,0
-0.521704,0.635472,0
-0.833833,-0.368406,0
0.429749,-0.198282,0
-0.611064,0.400750,0
0.675069,0.388949,0
0.226521,-0.460096,0
-0.539439,-0.750337,0
0.253574,-0.368375,0
0.280376,-0.411570,0
-0.217560,-0.260130,0
-0.646588,-0.525285,0
-0.051388,-0.579965,0
-0.781257,-0.025259,0
-0.179387,0.183903,0
0.361796,-0.317968,0
-0.302179,0.669842,0
-0.815003,0.098846,0
-0.859961,-0.226864,0
-0.375652,0.104334,0
0.041701,0.806388,0
-0.055015,0.325535,0
0.880658,-0.436396,0
0.206941,0.668712,0
-0.089680,-0.991946,0
-0.362350,-0.218409,0
0.397805,-0.460164,0
-0.873020,0.099174,0
0.144994,0.031253,0
-0.059051,0.801569,0
-0.712966,0.326618,0
0.038395,-0.975462,0
0.613672,0.386531,0
0.106218,0.713245,0
0.615793,0.407185,0
0.239227,0.103781,0
-0.512413,-0.723487,0
-0.682932,0.307577,0
0.059684,0.220086,0
-0.283719,-0.339858,0
-0.000508,-0.063244,0
0.488481,-0.481026,0
-0.885473,-0.099684,0
0.453847,0.317841,0
-0.330713,-0.888611,0
-0.551091,0.728902,0
0.515081,-0.292731,0
0.592185,0.452014,0
-0.180992,-0.871345,0
-0.393005,-0.136188,0
-0.077258,0.847367,0
-0.397069,0.018338,0
0.372876,0.435848,0
-0.198069,0.621907,0
-0.325523,-0.799396,0
0.509427,-0.302464,0
0.105317,-0.963280,0
0.094119,-0.386189,0
-0.168205,-0.545625,0
0.405937,-0.305311,0
0.719408,0.086324,0
0.064316,0.186717,0
-0.487921,-0.211973,0
0.074615,-0.624846,0
-0.368621,-0.333345,0
-0.264583,0.715539,0
0.311040,0.707993,0
0.029508,0.118867,0
-0.582781,0.432859,0
0.309506,-0.397751,0
-0.329680,-0.308725,0
-0.383313,-0.063805,0
-0.224915,0.274615,0
0.445046,0.466834,0
-0.121794,-0.887224,0
0.323003,-0.348811,0
-0.878555,-0.310065,0
0.712048,0.299980,0
0.346133,-0.906197,0
-0.830970,-0.022111,0
0.275658,-0.513822,0
0.683021,0.280148,0
0.534959,-0.402267,0
0.491782,-0.388781,0
0.166575,0.015900,0
0.584040,-0.369997,0
-0.336712,0.248243,0
0.677717,0.360139,0
-0.568349,0.430092,0
-0.163460,0.724763,0
-0.072990,0.150574,0
0.196156,-0.915709,0
-0.043465,0.667166,0
-0.235659,0.217865,0
-0.819844,0.275418,0
0.004865,0.805591,0
0.412642,-0.850133,0
-0.441454,0.090104,0
-0.040905,0.737107,0
-0.243130,0.286160,0
0.500023,-0.099883,0
-0.144592,-0.382221,0
-0.204224,-0.272566,0
-0.941026,-0.021694,0
-0.749567,-0.277757,0
-0.477245,0.673971,0
-0.158046,-0.531057,0
0.546769,0.105087,0
0.010954,0.211849,0
-0.158925,-0.400928,0
-0.401827,0.698953,0
0.647221,-0.184674,0
-0.887508,-0.057708,0
-0.614571,-0.529436,0
0.242736,0.750386,0
-0.809641,0.299136,0
-0.858968,0.187546,0
-0.325500,-0.100249,0
-0.219079,0.141437,0
0.489841,-0.109800,0
0.076865,0.283005,0
0.461349,0.535870,0
0.317031,-0.470628,0
-0.754900,0.118856,0
-0.455307,0.746790,0
0.081164,0.102041,0
0.162236,0.204156,0
-0.287685,-0.459606,0
0.661486,0.281845,0
0.583058,0.249085,0
-0.861739,0.096985,0
-0.675705,0.458719,0
-0.810828,-0.578409,0
0.561011,0.564151,0
0.535651,-0.277630,0
-0.924389,0.038783,0
0.185927,0.097115,0
-0.948063,-0.056357,0
0.309327,0.555263,0
0.681008,-0.232869,0
-0.304903,0.234594,0
0.008542,-0.043898,0
-0.495570,0.758558,0
0.172978,-0.909988,0
0.450338,-0.355241,0
-0.287517,-0.456436,0
0.176743,-0.564590,0
-0.387065,0.559626,0
0.619940,0.225111,0
-0.488372,0.038635,0
-0.769694,-0.559081,0
0.635653,-0.277391,0
-0.014711,-0.994879,0
0.021463,-0.889123,0
-0.122236,0.161426,0
-0.175336,-0.498254,0
0.534653,0.420887,0
0.597327,-0.034641,0
0.196709,-0.580780,0
-0.722181,0.536148,0
0.446925,0.494224,0
0.025073,0.746573,0
-0.777003,0.411420,0
-0.280189,-0.351417,0
0.058792,-0.446703,0
-0.259451,-0.885824,0
-0.185618,-0.400682,0
0.154836,-0.458286,0
0.240621,-0.895043,0
-0.499466,-0.757320,0
-0.683471,0.618763,0
-0.724525,-0.499063,0
0.295479,0.579390,0
0.568539,0.413236,0
0.172279,0.821170,0
0.381617,-0.882252,0
-0.347284,-0.922710,0
-0.468314,-0.041010,0
0.275350,0.580674,0
-0.288080,-0.383419,0
0.289607,0.531157,0
-0.519040,-0.739998,0
0.272155,-0.385916,0
0.079638,-0.605523,0
-0.906545,-0.161793,0
0.640932,-0.737025,0
-0.191936,-0.286637,0
-0.952798,-0.095792,0
-0.287850,-0.033802,0
-0.492090,-0.743537,0
-0.489826,0.577122,0
-0.312012,-0.354469,0
0.099206,-0.951923,0
-0.656736,0.407059,0
0.550653,-0.088211,0
0.442807,-0.236478,0
-0.486475,-0.135433,0
0.621997,-0.197786,0
0.657809,0.127621,0
0.440028,-0.203408,0
0.741029,0.181319,0
-0.082146,-0.608483,0
0.000000,0.000000,0
0.405114,0.567347,0
0.206311,-0.037894,0
0.626794,-0.308431,0
0.370700,-0.280323,0
-0.769366,-0.189935,0
-0.838932,-0.523635,0
0.190521,0.218408,0
0.400625,0.399374,0
-0.396568,-0.740090,0
0.552866,0.399174,0
0.438091,-0.452854,0
-0.446178,0.118007,0
0.144775,-0.553209,0
0.430659,-0.370854,0
-0.156579,-0.391769,0
-0.873916,-0.437345,0
-0.613572,0.609532,0
0.178172,0.272497,0
0.584611,-0.346742,0
0.190832,0.067698,0
-0.413691,-0.303083,0
0.393181,-0.905212,0
-0.271339,-0.445394,0
0.047393,0.088056,0
0.236685,-0.577910,0
-0.683692,-0.547326,0
-0.451216,-0.267216,0
0.450838,-0.462325,0
0.018940,0.163222,0
-0.382319,-0.920778,0
-0.334494,-0.100568,0
-0.355817,-0.293929,0
-0.026898,-0.065395,0
-0.601981,0.663038,0
-0.388647,0.733453,0
0.533731,0.071636,0
0.562218,0.304814,0
0.259474,0.758072,0
-0.783114,0.186368,0
-0.324643,0.188698,0
0.504281,0.238119,0
0.175402,0.243381,0
0.219253,0.567387,0
0.358855,0.642046,0
0.296234,-0.556997,0
-0.441332,0.721960,0
0.461425,-0.831917,0
0.032765,-0.618002,0
0.554694,0.595244,0
0.477008,-0.862823,0
0.565099,0.225084,0
-0.769963,0.249314,0
-0.396912,-0.080378,0
0.555704,0.100960,0
-0.506455,-0.794672,0
-0.415955,0.181608,0
0.090256,0.113375,0
-0.322956,-0.292744,0
0.431993,0.644502,0
0.560199,-0.142046,0
0.184159,0.078009,0
-0.164792,-0.383202,0
0.479126,0.444340,0
0.598849,-0.152904,0
0.713637,-0.157235,0
0.107615,0.020472,0
0.411440,-0.437855,0
0.520812,-0.250509,0
0.673057,0.380781,0
0.135653,0.050974,0
-0.960032,0.131673,0
-0.679074,-0.452612,0
0.172187,-0.611843,0
-0.841418,-0.109618,0
0.500902,-0.260954,0
-0.660593,-0.480226,0
-0.853289,-0.160928,0
-0.947080,-0.228120,0
0.454475,0.481095,0
-0.324509,-0.337186,0
0.307715,0.508244,0
-0.458813,-0.281940,0
-0.799399,0.113847,0
-0.851901,-0.152529,0
-0.405645,-0.239692,0
0.216284,-0.974793,0
0.604789,-0.257353,0
-0.357376,-0.353953,0
-0.955669,-0.180822,0
-0.646418,0.402672,0
-0.752994,0.000729,0
-0.238990,0.840169,0
-0.924466,-0.057988,0
-0.721884,0.379319,0
-0.375222,0.784989,0
0.668519,-0.266614,0
-0.693287,-0.462983,0
-0.227175,-0.327706,0
-0.738356,-0.349042,0
0.450289,0.662752,0
-0.079036,0.375171,0
-0.743957,-0.529649,0
0.093359,0.795791,0
-0.557908,-0.780858,0
-0.394269,-0.814587,0
0.842714,-0.507774,0
0.636575,-0.764704,0
0.453090,0.350300,0
-0.594415,0.394551,0
-0.702148,0.398733,0
-0.667124,-0.486770,0
0.392234,0.459513,0
-0.720658,-0.593846,0
-0.930851,-0.351449,0
-0.848481,-0.512914,0
0.409015,-0.468729,0
-0.152869,-0.389398,0
0.029774,-0.973711,0
0.794644,-0.588678,0
-0.792136,-0.510412,0
-0.360717,-0.082965,0
-0.311759,0.181125,0
0.401699,-0.854189,0
-0.795695,0.491803,0
-0.306722,-0.479501,0
0.416879,0.720563,0
-0.342548,0.818328,0
-0.388878,0.701979,0
-0.011908,-0.609802,0
-0.889052,-0.365494,0
-0.199978,0.696426,0
-0.774386,-0.072985,0
-0.069871,0.286562,0
0.074914,-0.556227,0
0.392742,-0.823258,0
0.124595,-0.420091,0
-0.696248,0.578134,0
0.369419,-0.911334,0
0.367465,-0.383366,0
-0.520738,0.548481,0
0.264304,-0.596777,0
0.478577,-0.458218,0
0.504150,0.223232,0
-0.336361,-0.338911,0
-0.607335,0.522633,0
0.012721,-0.125850,0
-0.790581,0.477475,0
0.507174,0.306226,0
0.700316,0.269364,0
0.568812,0.457660,0
-0.439096,-0.197977,0
-0.739712,-0.380561,0
-0.159549,-0.921707,0
0.439440,-0.466789,0
0.726767,-0.642503,0
-0.716844,-0.611665,0
-0.745805,0.410823,0
-0.253377,-0.287750,0
0.088377,0.152281,0
-0.570669,-0.815682,0
-0.212578,-0.248617,0
-0.048621,0.334120,0
0.499559,-0.285378,0
-0.341329,-0.307399,0
-0.032689,-0.897737,0
0.630893,0.289782,0
-0.533640,0.592645,0
-0.735510,-0.461546,0
0.220255,-0.970303,0
0.018821,0.315667,0
-0.279836,-0.509600,0
0.499763,-0.127424,0
0.364948,-0.856045,0
-0.396008,-0.746443,0
0.983428,-0.151229,0
-0.262720,0.187024,0
-0.727223,-0.436058,0
-0.880571,-0.213530,0
-0.179473,0.769928,0
0.318208,-0.393375,0
-0.828562,-0.436446,0
-0.159689,-0.342782,0
-0.388349,-0.152265,0
0.092023,0.050317,0
-0.959298,-0.157310,0
-0.341693,-0.378478,0
-0.433136,0.552624,0
0.396686,0.651644,0
0.004217,0.134098,0
-0.797691,-0.252368,0
0.074792,0.201013,0
0.655076,0.408504,0
-0.751072,0.514675,0
-0.640941,-0.746454,0
0.953225,-0.293873,0
0.742112,0.187801,0
-0.849139,-0.219004,0
0.518523,-0.426771,0
0.316857,0.587879,0
-0.685540,-0.581408,0
-0.801289,-0.470038,0
-0.279347,-0.818514,0
-0.667310,0.400871,0
-0.860526,0.329385,0
-0.093627,0.871340,0
0.210499,-0.371066,0
0.424859,0.567005,0
-0.569769,0.514162,0
-0.689482,-0.570627,0
0.497123,-0.377980,0
-0.860910,-0.099163,0
0.079651,-0.143721,0
-0.773934,0.360592,0
-0.740951,0.424255,0
0.687005,0.264621,0
-0.850106,-0.274446,0
-0.862433,-0.014496,0
-0.587830,0.438697,0
0.676376,0.252022,0
-0.426078,-0.180160,0
0.451776,-0.883685,0
-0.001909,0.702849,0
-0.753125,0.125707,0
0.544696,0.547089,0
0.406978,0.395435,0
-0.643850,0.493414,0
0.103102,0.239520,0
0.454721,0.401533,0
0.574782,-0.172121,0
-0.476018,0.634356,0
0.536857,0.472001,0
-0.877691,-0.196618,0
-0.837606,0.422393,0
-0.584003,-0.757588,0
-0.080771,0.818215,0
-0.712163,-0.472042,0
-0.375552,0.712713,0
-0.213225,-0.507479,0
0.776357,-0.623915,0
-0.101436,0.843037,0
-0.665761,-0.722331,0
0.326285,-0.924953,0
0.039888,-0.473718,0
0.274205,0.681037,0
0.094852,0.857906,0
0.455411,-0.400750,0
-0.396355,0.661742,0
0.223879,0.677406,0
0.200531,0.076075,0
-0.857190,0.337973,0
0.573002,0.025864,0
-0.399461,0.201074,0
-0.685385,-0.663511,0
-0.243323,-0.474124,0
-0.862864,-0.455485,0
-0.641535,-0.645316,0
-0.938308,-0.120739,0
0.079042,-0.916925,0
0.721516,0.241693,0
-0.313943,0.269146,0
-0.546165,-0.765966,0
-0.825065,0.435049,0
0.044251,0.755011,0
0.620733,0.103395,0
0.055214,-0.519568,0
0.534380,-0.376082,0
0.732409,-0.651596,0
-0.763947,-0.386504,0
-0.602609,0.553952,0
-0.837851,-0.277498,0
0.614254,0.103399,0
-0.667483,-0.560774,0
-0.008594,-0.430030,0
-0.111415,0.704689,0
-0.803641,-0.190162,0
0.088983,0.200205,0
0.045809,-0.973602,0
0.062655,0.032777,0
0.142313,-0.970952,0
-0.764700,0.173878,0
0.170509,0.189544,0
-0.215556,0.632088,0
-0.843032,0.072775,0
-0.051711,0.874829,0
-0.031356,-0.948692,0
-0.588140,-0.797554,0
0.178765,-0.006555,0
-0.673283,0.262089,0
0.587365,0.549547,0
0.050780,0.091768,0
-0.831067,0.385134,0
0.007885,0.137615,0
0.066203,0.024842,0
-0.702959,0.280799,0
-0.922170,-0.292580,0
0.292643,0.688012,0
0.700676,-0.007250,0
-0.528485,0.474029,0
-0.633876,0.601831,0
0.670324,-0.112543,0
0.509640,0.279762,0
-0.894279,0.182388,0
-0.813615,0.148425,0
-0.763775,-0.340071,0
-0.748296,-0.415996,0
0.219284,-0.605735,0
0.426890,-0.260317,0
-0.426471,0.549657,0
-0.760824,0.527396,0
-0.792763,0.124609,0
0.811783,-0.554986,0
-0.881646,0.112697,0
0.126113,0.187338,0
0.260584,-0.544147,0
-0.770571,0.203027,0
-0.749659,-0.313067,0
-0.010259,-0.913726,0
-0.288709,-0.025442,0
-0.833448,0.066066,0
-0.357005,-0.257968,0
0.454860,-0.303484,0
-0.937119,0.246591,0
0.507688,-0.119386,0
0.008117,-0.933239,0
-0.551828,-0.677854,0
0.391896,-0.411604,0
-0.591885,0.680200,0
-0.303963,0.755385,0
-0.690437,0.245553,0
-0.120252,0.185848,0
-0.433498,0.008904,0
-0.751907,0.462208,0
0.485885,-0.303176,0
-0.676727,0.565721,0
-0.942375,-0.054131,0
-0.336183,-0.256867,0
0.193028,0.649415,0
-0.727619,0.339957,0
-0.068710,0.773485,0
0.630583,0.073248,0
-0.275533,-0.471255,0
-0.506921,0.490949,0
-0.414352,0.702362,0
-0.174043,0.183601,0
0.115740,-0.902554,0
0.644197,0.031777,0
0.214359,0.718366,0
0.134463,-0.070141,0
-0.730740,0.320965,0
0.020296,0.674231,0
0.566797,-0.771843,0
-0.310054,-0.820284,0
0.203547,-0.431936,0
0.686287,-0.063320,0
-0.712928,0.450259,0
-0.775935,-0.534719,0
0.683909,0.016377,0
-0.861849,-0.264985,0
0.707030,0.145288,0
-0.028410,-0.529332,0
-0.750801,0.391533,0
0.092060,0.685948,0
-0.092307,-0.369431,0
-0.826282,-0.198135,0
-0.456660,-0.146499,0
-0.855840,-0.317078,0
-0.204067,0.249713,0
0.435902,-0.228012,0
-0.048058,0.629834,0
0.088282,0.149018,0
0.076669,0.219367,0
0.045749,0.170021,0
0.396302,0.676716,0
-0.992742,-0.073920,0
0.433839,0.368488,0
0.627575,0.491070,0
-0.059479,0.312189,0
-0.684877,-0.657984,0
0.095967,-0.958014,0
-0.025813,0.701665,0
-0.831273,-0.104807,0
-0.752326,0.232392,0
-0.834224,-0.487925,0
-0.801135,0.110376,0
0.007774,0.328542,0
0.023308,-0.909097,0
0.531443,0.480175,0
-0.684024,0.556876,0
-0.195471,0.649454,0
0.000000,0.000000,0
0.534839,-0.792432,0
0.012708,-0.884216,0
-0.250859,-0.955023,0
-0.146989,0.341166,0
-0.079256,0.825662,0
-0.021127,-0.102731,0
0.565063,-0.758092,0
0.186582,0.046768,0
-0.633728,-0.677782,0
-0.230378,0.094478,0
-0.653816,0.618486,0
-0.438259,0.737516,0
-0.145142,0.225685,0
0.219263,-0.427696,0
0.230238,-0.439307,0
0.502792,0.237065,0
-0.773427,0.533677,0
-0.231810,0.839800,0
0.524035,-0.171429,0
-0.247400,0.706961,0
-0.753790,0.540186,0
0.296343,-0.588371,0
0.188821,-0.018619,0
-0.726649,0.551345,0
-0.881010,0.061818,0
-0.308877,0.601327,0
-0.097680,0.143033,0
0.240176,-0.446448,0
-0.225049,-0.506313,0
-0.758559,0.499588,0
0.160129,0.168400,0
-0.153493,-0.376085,0
-0.298636,0.172674,0
0.632735,0.481297,0
-0.214384,-0.426661,0
-0.632960,0.680707,0
0.356381,0.535717,0
-0.332672,-0.355428,0
-0.750693,-0.366689,0
0.037726,-0.092611,0
0.200417,-0.902681,0
-0.712919,0.430984,0
-0.010837,-0.596559,0
-0.240622,0.095400,0
-0.787176,-0.356868,0
0.429352,-0.199141,0
-0.079105,-0.548400,0
-0.237868,0.185523,0
0.136426,0.261511,0
0.239987,0.599505,0
0.313149,0.542160,0
0.105910,-0.384426,0
-0.805573,-0.339194,0
-0.284903,0.662443,0
0.553432,0.309376,0
-0.675077,0.379831,0
0.707002,0.321166,0
-0.351579,-0.179978,0
-0.303972,0.660001,0
-0.877377,0.064887,0
-0.054810,0.204929,0
-0.069473,-0.518819,0
0.414189,-0.356998,0
-0.526043,0.453077,0
0.518796,0.154438,0
-0.419846,-0.143976,0
-0.615371,-0.705916,0
-0.289890,-0.487815,0
-0.078614,0.304663,0
-0.508883,-0.765531,0
0.951307,-0.268355,0
0.529132,-0.004381,0
-0.162394,0.156934,0
-0.136375,0.781922,0
-0.449444,0.000586,0
0.558901,-0.160092,0
0.286209,-0.537666,0
0.042334,-0.101034,0
-0.459152,-0.013385,0
-0.388065,-0.849356,0
0.049008,0.116611,0
0.063226,-0.594981,0
-0.453385,-0.774882,0
-0.151408,-0.352244,0
0.216459,-0.578918,0
0.434318,-0.428215,0
-0.140317,-0.531330,0
-0.096739,-0.573273,0
-0.926277,-0.003375,0
0.543260,0.204617,0
-0.253868,0.265614,0
0.547611,0.503113,0
-0.331869,0.830580,0
-0.868485,0.275198,0
0.558418,-0.161768,0
0.222290,-0.500587,0
-0.324753,0.143302,0
-0.664754,0.355108,0
-0.486906,-0.836614,0
-0.420371,0.016968,0
-0.386889,-0.065701,0
-0.970367,-0.139240,0
0.079691,0.680918,0
-0.050524,-0.606174,0
-0.879514,-0.366682,0
0.229955,0.788112,0
0.602964,-0.760549,0
-0.699872,0.422113,0
-0.077277,-0.977767,0
0.055855,0.236390,0
0.120351,0.022705,0
0.353593,0.464728,0
0.070024,-0.408775,0
-0.581851,-0.642222,0
-0.041022,0.171223,0
0.177790,-0.401735,0
0.583579,-0.761207,0
0.301383,0.723304,0
-0.323556,0.641336,0
-0.935397,0.207445,0
-0.662738,-0.484539,0
-0.150965,0.373108,0
-0.257094,0.094355,0
-0.370870,0.826714,0
-0.236001,0.187892,0
-0.903800,-0.373023,0
0.128089,0.139975,0
-0.437898,0.123473,0
-0.550802,0.607138,0
-0.903786,-0.205357,0
0.439483,-0.819057,0
-0.741435,0.315079,0
-0.839264,0.506593,1
0.165882,-0.634416,1
0.107867,0.531380,1
-0.444739,0.481879,1
0.010110,0.029963,1
-0.055714,0.473176,1
0.937396,-0.235136,1
0.219183,0.530056,1
-0.396909,0.453280,1
0.674017,0.653989,1
0.169651,-0.719874,1
-0.491708,0.848660,1
0.629649,-0.496530,1
-0.668622,-0.167167,1
0.820178,0.115364,1
0.257073,0.192129,1
0.079486,-0.845389,1
0.871181,-0.393757,1
-0.370410,-0.621125,1
0.583071,-0.397527,1
-0.609277,-0.211616,1
0.415745,0.801346,1
0.264319,-0.288332,1
0.924455,0.073372,1
-0.660835,0.737087,1
-0.608840,-0.219805,1
-0.154792,-0.703590,1
0.706794,-0.572225,1
0.784105,0.253335,1
-0.422204,0.820819,1
0.190112,-0.129836,1
0.186648,-0.228391,1
0.809935,-0.249009,1
0.406285,-0.633192,1
0.178445,-0.152176,1
-0.385990,0.474354,1
-0.646728,0.117228,1
0.005223,0.054523,1
-0.387465,-0.567337,1
0.282599,0.310061,1
0.662224,-0.472714,1
0.072652,0.926133,1
-0.177809,-0.139226,1
0.287889,0.064185,1
0.705150,-0.196885,1
0.762288,-0.070124,1
0.659553,0.545885,1
-0.232072,-0.200356,1
-0.686364,-0.144583,1
0.678607,-0.443275,1
0.342982,-0.019053,1
-0.471513,0.354507,1
0.883116,-0.343665,1
-0.298283,0.876372,1
0.304087,0.827364,1
0.160825,0.922028,1
-0.478371,-0.504144,1
0.515634,0.820440,1
-0.653343,0.286606,1
-0.102767,0.091864,1
-0.513713,0.367558,1
0.051037,0.571310,1
-0.441049,-0.488340,1
0.700278,0.577591,1
0.785735,-0.481270,1
-0.723253,-0.109109,1
-0.359137,0.920880,1
-0.459521,-0.528053,1
0.636070,-0.628820,1
-0.106115,-0.196824,1
-0.026986,-0.290296,1
0.396230,0.001195,1
-0.145020,-0.745633,1
0.666826,-0.501342,1
0.478478,0.089768,1
-0.585556,-0.158507,1
0.285763,0.241536,1
-0.445149,0.866511,1
-0.204535,-0.681297,1
-0.749842,-0.027147,1
-0.621701,-0.292383,1
-0.590372,0.265445,1
-0.519278,0.255638,1
-0.497228,0.285945,1
-0.426214,-0.530416,1
-0.028866,0.945075,1
0.179871,0.554659,1
-0.054532,0.523475,1
-0.606450,0.325912,1
0.886258,-0.112016,1
0.378585,-0.125194,1
-0.523054,0.287079,1
0.932388,0.254267,1
0.515883,-0.591493,1
-0.454182,0.868745,1
-0.530273,0.357505,1
0.582503,-0.693318,1
-0.571001,-0.030958,1
0.419393,-0.665665,1
-0.099079,-0.190219,1
0.374053,0.794408,1
0.866230,0.405765,1
-0.598881,-0.270815,1
-0.276301,0.460063,1
0.820125,-0.091625,1
-0.293883,0.545557,1
0.325112,0.241458,1
-0.542153,-0.475468,1
0.018592,-0.143716,1
0.146829,0.351342,1
0.270848,0.025326,1
0.629916,-0.474559,1
0.877311,0.018053,1
0.663628,0.541847,1
0.489593,-0.751864,1
-0.063116,-0.141479,1
-0.623680,0.164386,1
0.681934,-0.382055,1
-0.063042,0.109662,1
-0.570422,-0.540017,1
0.259599,0.468624,1
-0.583052,0.126689,1
-0.044098,0.449506,1
0.484643,-0.718416,1
-0.741635,0.611537,1
-0.698317,-0.297243,1
0.916827,0.386559,1
-0.530400,-0.527897,1
0.576075,-0.659649,1
-0.444619,-0.675510,1
-0.403663,0.368858,1
-0.478849,-0.492649,1
0.785443,0.279426,1
0.200818,-0.125188,1
-0.515707,0.782973,1
-0.036153,-0.112663,1
0.350614,0.877536,1
0.505644,-0.702370,1
0.708637,-0.574311,1
-0.192448,-0.689901,1
0.730087,0.520551,1
-0.639276,0.263299,1
0.702337,-0.472994,1
-0.099500,-0.251197,1
0.263060,0.133414,1
-0.522172,0.827246,1
-0.408462,0.247304,1
-0.173100,-0.804386,1
0.814172,-0.291759,1
-0.160182,-0.226587,1
-0.124501,0.913509,1
-0.657567,-0.224957,1
-0.529777,-0.018329,1
-0.656262,-0.255577,1
-0.289786,0.443874,1
-0.703012,-0.108511,1
-0.579241,0.180222,1
0.916681,0.292738,1
0.235389,0.869248,1
-0.255564,-0.680211,1
0.417595,-0.681626,1
-0.382919,-0.579114,1
-0.617516,0.269580,1
0.066642,0.954232,1
-0.176874,0.875052,1
0.250728,0.167736,1
-0.252383,-0.733009,1
-0.511767,-0.249188,1
0.213047,-0.252212,1
0.819431,0.474904,1
0.346190,0.202860,1
0.690697,-0.503923,1
0.165464,-0.687475,1
-0.279539,-0.711940,1
0.767944,-0.303746,1
0.624697,0.725089,1
-0.722351,-0.179468,1
0.889216,0.283364,1
0.378829,0.391776,1
0.165037,0.408366,1
0.286290,-0.212222,1
0.600224,-0.535473,1
0.188845,-0.821181,1
0.325524,0.801270,1
0.969281,0.120388,1
0.690971,0.521113,1
-0.589128,-0.258706,1
0.671303,-0.440854,1
0.742405,-0.487683,1
-0.211706,-0.745775,1
0.952141,0.066537,1
-0.053813,-0.251205,1
-0.109072,-0.151997,1
0.644701,-0.559786,1
-0.579049,0.730550,1
0.126742,-0.822154,1
0.687184,-0.568136,1
0.446296,0.133491,1
-0.162005,0.103704,1
0.310880,0.139116,1
-0.425592,-0.463542,1
-0.487694,0.371691,1
-0.081191,0.915100,1
0.779591,-0.165040,1
-0.387952,0.848229,1
-0.145318,-0.801176,1
0.287459,0.200916,1
0.597191,-0.516103,1
-0.139836,-0.168659,1
-0.170991,-0.777021,1
-0.612906,0.713685,1
-0.545665,-0.584166,1
0.278193,0.391930,1
0.947670,0.151396,1
-0.423050,0.476475,1
-0.357644,0.894478,1
-0.500492,-0.510400,1
-0.239459,0.547412,1
-0.667298,-0.309376,1
-0.189964,0.478449,1
0.113883,0.954479,1
0.702084,0.478621,1
-0.366913,-0.498372,1
-0.133000,-0.270760,1
-0.658265,-0.041071,1
-0.118149,-0.134316,1
0.573472,-0.673891,1
-0.374964,-0.523834,1
-0.143550,-0.611059,1
0.611364,-0.410163,1
0.273406,-0.636592,1
0.976438,-0.023858,1
0.359704,0.832234,1
-0.370790,0.501512,1
0.103770,-0.362259,1
-0.473591,0.136789,1
0.698982,0.666652,1
-0.588490,0.276910,1
-0.484193,-0.427267,1
-0.461511,0.330164,1
0.373441,0.124667,1
-0.990469,0.089283,1
0.336703,0.410647,1
0.351527,-0.788941,1
0.096917,-0.160022,1
0.702417,-0.478132,1
-0.135803,0.415400,1
-0.074634,0.523860,1
0.631195,0.509502,1
0.317576,0.236951,1
0.164762,0.319145,1
-0.541751,0.183046,1
0.565753,-0.457081,1
0.399946,0.126661,1
-0.635862,-0.384291,1
0.723383,-0.258297,1
-0.659564,-0.187015,1
0.521829,-0.480306,1
0.426529,0.847981,1
0.191966,-0.340807,1
0.857490,-0.390783,1
0.163305,0.973310,1
-0.046036,-0.094237,1
0.427990,-0.720989,1
-0.990287,0.131649,1
-0.428469,-0.447676,1
-0.131857,0.616128,1
0.249485,-0.829311,1
0.522301,-0.470321,1
-0.082508,-0.699423,1
-0.478551,-0.498988,1
-0.014278,0.607286,1
-0.050198,0.422469,1
-0.635376,-0.057424,1
-0.951054,0.247985,1
-0.175116,0.036529,1
0.579272,0.793375,1
0.831424,0.469823,1
-0.096748,-0.276839,1
-0.625132,-0.084908,1
-0.174315,-0.136434,1
-0.264782,-0.798054,1
-0.739221,0.656165,1
-0.680375,-0.009455,1
-0.472734,-0.461002,1
-0.096043,-0.744833,1
-0.135289,-0.041193,1
0.222117,0.285769,1
-0.508216,0.824449,1
0.497797,0.034613,1
0.853404,-0.026477,1
0.423693,-0.135956,1
0.416882,0.198013,1
-0.534434,-0.048792,1
-0.139547,0.478045,1
-0.153040,-0.132585,1
0.912799,-0.042412,1
-0.699218,0.055624,1
0.587120,0.642098,1
0.634333,-0.594661,1
-0.095651,-0.211780,1
-0.460540,0.246786,1
-0.087586,0.588497,1
0.054550,-0.253030,1
-0.215022,0.419244,1
-0.442438,0.276131,1
0.746537,0.506638,1
-0.584456,0.241684,1
0.051831,0.876535,1
0.049661,-0.304194,1
0.363202,0.151935,1
-0.133897,0.570151,1
0.619356,0.725533,1
0.757570,0.429054,1
0.808482,-0.312020,1
-0.543306,0.301362,1
0.067886,0.897993,1
-0.565388,0.285194,1
0.525712,-0.539098,1
0.796363,-0.028379,1
0.864811,-0.176359,1
-0.471151,0.849716,1
-0.205364,-0.793616,1
-0.509747,-0.355187,1
-0.728190,-0.027177,1
0.401193,0.122656,1
-0.013920,-0.320634,1
-0.415023,0.398442,1
-0.532060,0.133837,1
0.479085,0.210898,1
0.709934,-0.309828,1
0.701119,0.488296,1
0.345194,-0.147787,1
0.762850,0.347936,1
0.975530,0.185314,1
0.810504,-0.063896,1
0.022871,0.982587,1
0.735340,0.277983,1
0.180774,0.409048,1
-0.524006,-0.239620,1
0.707280,0.474084,1
-0.864251,0.480697,1
0.322168,-0.649775,1
0.372096,0.271191,1
-0.053117,0.481849,1
0.045093,-0.777796,1
-0.396516,0.544771,1
-0.246853,-0.694308,1
-0.390991,0.876428,1
0.350286,-0.703065,1
0.051454,0.601126,1
-0.336393,0.892659,1
0.060069,0.413995,1
0.447792,0.815771,1
-0.299570,0.555209,1
0.683761,-0.607842,1
0.601300,-0.370727,1
-0.541521,0.432152,1
0.763826,0.050690,1
-0.373433,0.524927,1
0.360935,0.052213,1
0.457647,-0.523029,1
0.860377,-0.220797,1
-0.508575,-0.342567,1
-0.573157,-0.485275,1
-0.667802,-0.232467,1
-0.004373,-0.161186,1
-0.440566,-0.554889,1
-0.046976,-0.716096,1
0.635162,0.679389,1
-0.539182,0.351116,1
0.834002,-0.239668,1
0.279397,-0.639482,1
0.905328,-0.203423,1
0.367900,0.872152,1
0.656876,0.528691,1
0.360241,0.914454,1
-0.199803,-0.696476,1
-0.823151,0.503411,1
0.023554,-0.695302,1
0.551978,0.655225,1
0.662621,0.591552,1
-0.150280,-0.689504,1
-0.119045,-0.104059,1
0.598000,-0.434046,1
-0.243696,-0.150374,1
-0.086603,-0.788987,1
0.528255,-0.486772,1
-0.434323,0.259545,1
0.314495,0.249184,1
0.200738,-0.166446,1
0.161859,0.882497,1
-0.657556,0.051187,1
0.216711,0.530129,1
-0.620682,-0.322109,1
-0.678613,-0.233420,1
0.855005,-0.360508,1
0.126770,0.512766,1
-0.075660,-0.085297,1
0.112406,0.351233,1
-0.573361,-0.497250,1
-0.013615,0.569047,1
-0.220950,0.488038,1
-0.000946,0.582236,1
0.162234,-0.373738,1
0.505728,0.849847,1
-0.500101,0.238534,1
0.143520,0.339709,1
-0.542033,0.232809,1
-0.477799,0.180855,1
0.430268,0.221065,1
-0.359607,0.863529,1
-0.588240,-0.409846,1
0.887838,0.125475,1
0.118014,-0.303435,1
-0.239123,-0.104020,1
0.015256,0.098829,1
0.904417,-0.151758,1
-0.234105,0.459560,1
0.346484,0.919755,1
0.338660,-0.276242,1
-0.001174,-0.667082,1
0.139096,-0.858284,1
0.877515,0.221284,1
0.639607,-0.337495,1
0.346148,-0.770183,1
0.210046,-0.163953,1
-0.470974,0.190220,1
0.182114,0.849608,1
-0.240976,-0.707765,1
-0.102981,0.466256,1
0.171082,-0.795444,1
0.397626,0.866541,1
0.749991,0.261752,1
0.372167,-0.177459,1
0.347416,0.123701,1
0.313926,0.111581,1
0.781742,-0.488752,1
0.183273,0.324671,1
-0.682286,-0.049856,1
0.848365,-0.079225,1
-0.169250,-0.182632,1
-0.345594,-0.510456,1
0.012028,-0.151180,1
0.842298,-0.086800,1
-0.876445,0.454802,1
-0.649613,-0.001642,1
0.747909,0.564475,1
0.610314,0.663714,1
-0.023077,0.986138,1
0.305122,0.137479,1
-0.520242,-0.185333,1
-0.022077,0.541768,1
0.444477,0.193495,1
-0.041040,0.452013,1
-0.526034,0.266998,1
0.644383,-0.346079,1
-0.576405,-0.220811,1
0.024513,0.568682,1
0.236426,0.359308,1
0.002253,-0.363311,1
0.380276,-0.066257,1
0.054464,-0.697878,1
0.215971,-0.228816,1
0.247105,-0.175895,1
0.777670,0.356692,1
-0.141294,0.006000,1
-0.207348,0.903331,1
-0.556618,-0.013295,1
0.977505,0.198705,1
0.854023,-0.160139,1
0.989243,0.086008,1
-0.239610,-0.812150,1
0.065086,-0.271595,1
0.082616,0.576346,1
-0.098948,-0.306935,1
0.074833,-0.239583,1
-0.532905,-0.164355,1
-0.033602,-0.681814,1
-0.021637,-0.727002,1
-0.749062,0.630798,1
0.843987,-0.426245,1
0.050770,0.884546,1
-0.053625,0.888889,1
0.892206,0.352091,1
-0.218465,-0.790742,1
0.151125,0.417326,1
0.435149,0.240094,1
0.877921,0.277947,1
0.073611,0.368214,1
-0.456330,-0.306207,1
0.415236,-0.761957,1
-0.594762,-0.230777,1
0.805280,-0.274815,1
-0.541851,0.751264,1
-0.539357,0.134515,1
-0.625749,-0.440952,1
0.448837,-0.698960,1
-0.313148,-0.615580,1
-0.523913,0.774283,1
-0.581238,-0.518808,1
0.859229,0.026923,1
0.652437,0.646008,1
0.418291,0.005733,1
0.949501,-0.168665,1
0.113256,0.339372,1
0.205409,0.353281,1
0.483489,0.106013,1
0.139203,-0.222761,1
0.286168,0.010385,1
-0.006715,0.472181,1
-0.129296,-0.676227,1
-0.134074,-0.602515,1
0.159608,-0.153380,1
0.395659,0.758587,1
0.828189,0.210008,1
-0.604362,-0.326721,1
0.729355,0.487895,1
-0.134157,-0.001390,1
0.772077,0.164005,1
0.366768,0.917868,1
0.034439,-0.169747,1
-0.381623,0.835083,1
0.781759,0.319144,1
0.772654,0.144936,1
-0.555735,0.746430,1
0.759331,0.135710,1
0.307269,-0.672745,1
0.180320,0.977489,1
0.761853,0.153556,1
0.809094,0.111209,1
-0.540716,0.051246,1
-0.078835,0.540171,1
-0.580370,0.805090,1
-0.498530,-0.513291,1
0.361738,0.293506,1
-0.649286,-0.066540,1
0.805403,-0.123796,1
0.229191,0.280128,1
0.180631,-0.862770,1
0.001282,0.430114,1
0.371388,-0.257043,1
-0.284806,0.359006,1
-0.474983,-0.536089,1
-0.576901,-0.221778,1
-0.987955,0.144726,1
-0.243977,-0.111692,1
-0.502691,-0.648307,1
-0.651204,-0.250866,1
0.003046,0.414718,1
0.379994,0.290868,1
0.580456,0.653506,1
0.439186,0.010737,1
0.264605,0.109472,1
0.907252,0.360409,1
0.601728,0.559396,1
-0.793182,0.583834,1
0.749645,0.181748,1
-0.385603,-0.423450,1
0.734975,-0.553003,1
0.356765,-0.721609,1
0.493878,0.696480,1
0.107946,-0.179855,1
0.415244,-0.620945,1
-0.461980,0.420207,1
0.867256,-0.140949,1
-0.563873,-0.195057,1
-0.099064,0.013653,1
0.611038,0.628198,1
-0.573145,0.156539,1
0.727703,0.594515,1
-0.618644,0.730260,1
0.213015,-0.825000,1
0.560924,-0.498361,1
0.099698,0.913816,1
0.856188,-0.314550,1
0.713787,0.614417,1
-0.628255,-0.065544,1
0.490959,0.137692,1
0.224006,-0.828143,1
0.570878,-0.536748,1
0.188630,-0.102071,1
-0.253487,-0.068880,1
0.298261,0.480666,1
0.480995,0.172174,1
-0.103192,0.948341,1
0.773336,-0.380724,1
0.669720,0.558099,1
0.291735,-0.725872,1
0.344117,-0.269414,1
0.030261,0.505059,1
0.966182,-0.162762,1
0.851982,-0.226113,1
0.828457,0.429719,1
-0.037275,-0.124942,1
-0.422683,0.852256,1
0.694568,0.437693,1
0.549777,-0.526066,1
0.206948,0.894524,1
0.964990,0.133395,1
0.770278,0.582813,1
0.176126,0.530075,1
0.023609,-0.231177,1
0.394573,0.882220,1
0.567733,0.611293,1
0.267180,-0.666044,1
-0.093597,0.065112,1
-0.242709,-0.634896,1
0.408177,-0.079949,1
0.321179,0.812923,1
0.752933,0.313195,1
0.282486,-0.710071,1
0.127946,0.484386,1
0.930974,0.332094,1
-0.677858,-0.229146,1
0.780726,0.073936,1
0.156435,0.921698,1
-0.573399,-0.330475,1
0.200479,0.415702,1
0.883110,-0.110076,1
0.023162,0.091997,1
-0.564359,-0.168816,1
0.560145,0.615822,1
0.783102,0.541988,1
0.717934,-0.610385,1
0.419703,-0.029149,1
0.180711,0.493298,1
0.753560,0.569339,1
0.363274,-0.005666,1
-0.924638,0.331729,1
-0.007450,-0.238630,1
0.011817,-0.874563,1
-0.450399,-0.641982,1
-0.603616,0.125093,1
-0.607061,-0.468484,1
0.823081,0.317076,1
-0.728353,0.661440,1
0.912112,0.007227,1
0.849177,-0.043567,1
-0.522995,0.143095,1
0.792923,-0.305406,1
-0.397449,0.396276,1
-0.340183,0.399094,1
0.104369,-0.363465,1
-0.516277,0.251909,1
0.888080,-0.268912,1
0.909003,0.052087,1
-0.318200,0.501746,1
-0.536075,0.304341,1
-0.225043,-0.607746,1
0.335096,0.405845,1
0.485792,-0.733489,1
0.232246,-0.268443,1
-0.477035,0.198589,1
0.090594,0.416885,1
0.090116,0.451530,1
-0.391553,0.322003,1
-0.730443,0.654563,1
-0.275171,0.582478,1
0.134340,-0.343443,1
-0.133109,0.422234,1
-0.545775,0.829536,1
0.279084,0.339282,1
0.731712,-0.269440,1
0.422279,-0.081732,1
-0.013764,0.943828,1
-0.334348,0.405230,1
0.277351,-0.626958,1
0.238947,-0.834209,1
-0.372205,-0.531473,1
0.903682,0.073205,1
0.564293,0.764574,1
0.121186,0.579926,1
-0.038913,0.614399,1
-0.084692,0.492775,1
-0.507634,-0.315132,1
0.361403,0.916181,1
0.815481,-0.334651,1
-0.384250,0.298918,1
0.638911,0.645595,1
-0.697767,-0.259078,1
0.849625,-0.184763,1
-0.558165,-0.344169,1
0.427458,0.807019,1
0.304784,0.368926,1
0.468069,-0.657960,1
0.972017,0.142068,1
0.017762,0.544688,1
-0.667813,0.126594,1
-0.693537,0.002411,1
-0.006145,-0.787377,1
0.896741,0.322267,1
0.282264,0.048242,1
0.775758,-0.420951,1
-0.606844,-0.068850,1
-0.601912,-0.334219,1
-0.686617,0.215772,1
-0.094689,-0.005836,1
-0.508824,0.432549,1
0.253966,-0.067090,1
-0.469812,-0.404076,1
0.646728,-0.350347,1
0.572924,-0.434464,1
0.910250,0.391721,1
0.860567,0.020599,1
0.391710,-0.808432,1
0.021880,-0.717301,1
-0.197209,-0.187373,1
0.738763,-0.276096,1
0.811595,0.123745,1
0.490307,0.081233,1
-0.558905,0.188748,1
0.394414,0.086241,1
-0.058132,0.124983,1
-0.541064,0.110678,1
0.830666,0.187069,1
0.235498,0.851787,1
-0.363463,0.539346,1
-0.327820,-0.614438,1
0.703492,-0.616522,1
0.322580,0.424196,1
0.798782,-0.407366,1
-0.651404,0.699052,1
0.642862,-0.494701,1
-0.192154,0.555947,1
0.976078,-0.016462,1
0.308536,0.267966,1
-0.203160,0.497721,1
0.504461,-0.506477,1
-0.388116,0.520928,1
-0.394600,0.915036,1
0.641297,0.492684,1
-0.637431,0.169357,1
0.652895,0.669125,1
-0.244144,-0.115731,1
0.711406,0.359028,1
-0.547270,-0.323257,1
0.190424,-0.826885,1
0.019417,0.952168,1
0.032607,0.894392,1
0.949758,-0.126333,1
0.033653,-0.301442,1
-0.451708,0.366005,1
0.459346,0.293260,1
0.039911,-0.802127,1
0.200902,0.452370,1
0.090852,-0.714665,1
0.413445,0.007972,1
0.359354,-0.229923,1
-0.690848,0.216169,1
-0.023213,-0.804650,1
0.557414,0.596900,1
-0.546858,-0.446034,1
-0.031644,-0.122469,1
0.742449,0.372518,1
-0.683807,-0.156230,1
-0.119951,0.881823,1
0.158780,-0.704833,1
-0.376191,-0.531488,1
0.766616,0.096433,1
-0.346689,-0.662425,1
-0.440312,0.870129,1
-0.259393,0.876764,1
-0.197175,-0.787478,1
0.799476,0.414533,1
-0.498862,0.813718,1
0.450784,-0.028171,1
0.015103,-0.262244,1
-0.808905,0.565397,1
0.144538,-0.130801,1
0.364336,0.205570,1
-0.583778,-0.200506,1
0.248835,-0.775294,1
0.035806,-0.657052,1
-0.704046,-0.017868,1
0.247537,0.825667,1
0.848874,-0.159415,1
-0.493445,0.185774,1
0.440993,-0.674926,1
0.796512,-0.143416,1
0.952250,-0.119251,1
-0.666353,0.187014,1
0.414832,0.164056,1
0.332413,0.243930,1
-0.204654,0.470230,1
0.751475,-0.440779,1
-0.747548,-0.064590,1
0.801089,-0.373172,1
-0.390120,0.873960,1
0.183223,-0.354160,1
-0.590187,-0.093164,1
-0.189104,0.524633,1
0.509059,-0.685462,1
-0.016638,0.509630,1
0.498046,0.712706,1
0.782598,0.326404,1
-0.331168,0.316746,1
-0.004397,0.083550,1
-0.074919,0.066235,1
0.873036,-0.384459,1
0.376609,-0.772118,1
-0.092186,0.895825,1
0.243687,-0.040207,1
0.850496,0.025630,1
-0.105598,-0.246676,1
-0.725600,-0.038784,1
0.329676,0.783143,1
-0.093002,-0.079691,1
0.661329,-0.381634,1
0.857530,-0.365572,1
-0.071511,-0.043430,1
0.751829,-0.461251,1
0.942786,0.228375,1
0.412229,0.749044,1
-0.598915,0.193135,1
-0.630194,-0.287846,1
-0.544350,-0.347395,1
0.433481,0.753720,1
-0.500755,-0.310233,1
-0.500156,-0.559325,1
-0.289763,0.427829,1
0.420878,0.850213,1
0.883720,0.006239,1
-0.469595,-0.358442,1
0.819860,0.319106,1
-0.489704,-0.613344,1
0.473329,0.062929,1
0.949420,-0.153628,1
0.880899,-0.077572,1
0.777876,0.043696,1
0.069478,-0.757742,1
-0.248081,-0.758588,1
-0.670874,-0.404880,1
0.203846,0.848202,1
0.336114,-0.723206,1
0.745559,-0.511020,1
0.453715,-0.531171,1
0.190060,0.343333,1
0.173285,0.480596,1
-0.461782,-0.451395,1
0.053593,0.493080,1
-0.472278,0.484720,1
0.794519,0.552032,1
-0.335322,-0.597126,1
0.612447,0.689137,1
0.580685,0.757499,1
0.356927,-0.107719,1
-0.245303,-0.732684,1
0.220020,-0.738641,1
-0.048966,0.957916,1
-0.056198,0.133573,1
0.122669,0.483686,1
-0.123957,0.581063,1
-0.153379,0.600396,1
0.278278,0.366826,1
-0.333235,0.423030,1
-0.640197,-0.455135,1
-0.623746,0.225701,1
-0.520527,-0.114242,1
0.131018,-0.311182,1
-0.156839,0.440910,1
0.494069,0.769997,1
0.110714,0.897632,1
-0.519402,-0.353867,1
-0.376861,0.897204,1
0.234346,0.533931,1
-0.645317,-0.369548,1
0.249217,0.482588,1
0.715208,-0.283685,1
-0.713632,0.147408,1
-0.593066,-0.185128,1
0.956530,-0.100248,1
-0.126321,-0.610772,1
0.860250,0.454940,1
0.181717,0.286320,1
-0.250441,0.576437,1
-0.075248,-0.111075,1
-0.321855,-0.694557,1
0.276518,-0.059481,1
0.624391,-0.600113,1
0.083446,0.889964,1
0.710418,0.698073,1
0.281784,-0.628966,1
-0.456432,0.194086,1
-0.159227,0.437775,1
-0.656703,-0.186390,1
-0.164146,0.595866,1
0.175116,-0.233097,1
0.767432,0.357839,1
0.261165,0.356080,1
-0.294272,-0.665886,1
0.266914,0.335793,1
0.027781,0.085019,1
0.910404,-0.212518,1
0.585851,0.758801,1
-0.261427,0.455693,1
0.411057,0.823427,1
-0.058507,0.124808,1
-0.515385,0.395447,1
0.682647,-0.511853,1
0.283955,-0.168433,1
0.542331,0.622798,1
-0.445689,-0.659061,1
-0.237516,-0.087098,1
-0.707732,0.164666,1
0.648363,0.608790,1
0.784096,0.131124,1
-0.519463,0.851562,1
-0.223565,-0.772670,1
0.801321,0.512723,1
-0.724336,0.675527,1
-0.102144,-0.067576,1
0.906015,0.090208,1
0.019907,-0.231525,1
-0.316819,-0.782704,1
-0.887284,0.434427,1
0.278944,0.013794,1
0.255200,0.189401,1
-0.126941,0.043429,1
-0.623034,0.061874,1
0.846234,0.129957,1
-0.051208,-0.739850,1
-0.354312,0.503451,1
0.967444,-0.071083,1
0.297535,0.237640,1
-0.689631,0.700292,1
-0.243213,0.347631,1
-0.137478,-0.179164,1
-0.608675,0.250030,1
0.631239,-0.622525,1
0.485925,0.748917,1
-0.120231,0.551855,1
0.862479,-0.414885,1
0.351451,-0.153239,1
0.939388,0.329470,1
0.475485,0.686231,1
-0.264152,-0.781168,1
-0.187461,-0.595700,1
0.184105,-0.751735,1
-0.040643,-0.018659,1
0.736374,-0.453600,1
0.588813,0.676239,1
0.824336,0.229064,1
-0.601871,-0.242386,1
-0.254850,0.370205,1
0.259489,0.183482,1
-0.531009,-0.095025,1
-0.723642,0.036631,1
-0.082627,-0.690053,1
0.093670,0.907318,1
0.036103,-0.794793,1
-0.698942,-0.159625,1
-0.544551,0.808989,1
0.008126,0.887093,1
0.962569,0.185639,1
0.951822,-0.005894,1
-0.368816,0.308180,1
-0.146858,-0.713045,1
-0.265515,0.472760,1
-0.528408,-0.503771,1
0.748568,-0.150487,1
-0.661449,-0.201210,1
0.174302,-0.646234,1
-0.136467,0.401717,1
-0.629371,0.271831,1
-0.581948,-0.101669,1
0.267321,0.469616,1
-0.416050,0.881421,1
0.833920,0.256083,1
-0.065417,0.136823,1
0.904663,0.102883,1
-0.578116,0.061494,1
0.392779,0.765326,1
-0.113793,0.968014,1
-0.664609,0.697348,1
-0.969891,0.224302,1
-0.526963,-0.484056,1
0.960120,0.056306,1
-0.330272,0.367315,1
0.888813,0.118369,1
0.685477,-0.558678,1
-0.622419,0.059954,1
0.841902,-0.268701,1
-0.274372,0.886408,1
-0.379100,-0.668045,1
-0.124102,-0.309190,1
0.982332,-0.004784,1
0.547413,0.638231,1
0.624750,-0.362888,1
0.397626,-0.553980,1
-0.634441,-0.049850,1
-0.685632,-0.337503,1
0.700278,-0.573246,1
0.001218,-0.194932,1
-0.035310,0.594772,1
0.905664,0.206817,1
-0.441615,-0.519592,1
0.216415,-0.071865,1
-0.666243,-0.170647,1
0.448009,-0.516031,1
