-0.124474,0.382395,1
-0.925124,0.112963,0
0.355396,0.312510,1
0.411732,0.515484,0
0.399743,-0.769409,1
0.132393,-0.912399,0
0.276000,-0.822024,1
-0.478996,-0.025780,0
0.071996,0.491293,1
-0.158513,-0.158520,1
-0.688404,-0.413301,0
-0.505148,0.739121,0
-0.674954,-0.388263,1
-0.199476,0.704322,0
-0.280085,-0.643751,1
0.202392,0.882050,1
0.776732,-0.210374,1
-0.386867,0.671530,0
0.368133,-0.724834,1
-0.207162,-0.958823,0
-0.151378,0.421374,1
-0.280557,-0.921597,0
0.142422,0.064000,0
-0.811380,-0.041084,0
-0.365537,-0.260067,0
-0.086287,-0.828747,1
-0.005413,0.219303,0
0.609857,-0.452814,1
0.329080,-0.916167,0
-0.820440,-0.215554,0
-0.497602,0.625225,0
-0.171883,-0.507229,0
-0.785413,0.465177,0
-0.752197,-0.165150,0
-0.151140,-0.587919,1
0.387320,-0.082805,1
-0.072173,0.764922,0
0.163264,0.429369,1
0.397814,-0.643320,1
0.638735,-0.311488,0
0.082155,-0.018379,0
0.790118,0.572348,1
-0.056303,0.974343,1
0.288633,0.844843,1
-0.537127,-0.087621,1
0.754579,0.463087,1
0.753020,0.183675,1
0.296259,0.835086,1
0.595196,-0.508642,1
-0.777724,-0.429724,0
-0.462275,-0.213244,0
0.083546,-0.278171,1
0.678234,-0.617178,1
-0.779648,0.054899,0
-0.152133,0.203780,0
0.792418,-0.543697,0
-0.716138,-0.239712,1
0.324375,-0.589715,1
-0.711271,0.246045,0
-0.682969,-0.601782,0
0.195364,0.777600,0
0.020246,-0.430365,0
0.682797,0.696768,1
0.255580,0.415092,1
-0.760832,-0.488727,0
0.290004,0.093582,1
-0.637392,0.528599,0
0.852562,-0.065768,1
-0.640383,0.745917,1
0.344945,0.826120,1
0.402700,0.034914,1
-0.370057,-0.797410,0
0.111143,0.425310,1
-0.376646,-0.113486,0
0.390074,-0.261827,0
0.131070,0.115445,0
0.176272,0.441626,1
-0.444473,0.548959,0
0.790635,-0.383493,1
0.033878,-0.710312,1
-0.467040,-0.453832,1
-0.766111,0.142275,0
0.847795,-0.133400,1
0.552854,0.469554,0
-0.156593,0.250342,0
0.178925,-0.642839,1
0.383173,-0.609863,1
-0.207235,-0.437927,0
-0.605178,-0.517962,1
-0.459077,-0.747325,0
-0.495237,-0.632416,1
0.748317,-0.656340,0
-0.163615,0.896801,1
-0.325511,0.636610,0
-0.033238,0.792980,0
-0.100668,-0.763434,1
-0.637755,0.461711,0
-0.558712,-0.591709,1
0.285537,0.116846,1
0.452773,-0.658520,1
0.300586,-0.405483,0
0.176774,0.628933,0
0.662515,0.331546,0
0.676104,-0.196846,0
-0.151748,0.083563,1
0.403134,-0.498418,0
0.749743,0.634661,1
-0.036734,-0.163615,1
0.028254,0.749077,0
-0.379306,-0.334001,0
0.472232,0.769970,1
0.174605,0.640114,0
-0.778940,0.157648,0
0.272209,-0.295826,1
-0.383590,0.633893,0
-0.983488,0.084313,0
0.052540,-0.160045,1
-0.323567,-0.095040,0
0.218858,-0.029406,0
0.074766,0.855098,0
-0.405573,0.684806,0
-0.134805,-0.900317,0
-0.947423,0.154119,0
0.463638,0.106703,1
0.729200,0.299015,1
0.681260,-0.142841,0
0.327331,0.499259,0
0.769253,-0.314331,1
0.430724,0.093266,1
-0.278384,0.497667,1
-0.240903,0.619629,0
-0.070716,-0.013189,1
-0.566371,0.207349,1
0.200349,-0.135031,1
-0.589753,0.791433,1
-0.609574,0.735332,1
0.084668,-0.951373,0
0.646284,0.179693,0
-0.082635,0.845737,0
-0.723890,0.103264,1
0.318618,-0.905484,0
-0.855361,0.488570,1
0.510124,-0.604144,1
-0.835297,0.255476,0
0.172488,-0.944345,0
0.034671,0.614411,1
-0.097561,-0.979480,0
0.028288,-0.259975,1
0.074522,-0.272187,1
-0.491401,-0.514804,1
0.044774,-0.753883,1
0.213676,-0.337068,1
-0.459839,0.559128,0
-0.004983,0.663658,0
-0.305316,-0.803768,0
0.632278,-0.646148,1
0.047714,-0.185822,1
-0.420281,0.729915,0
0.715178,-0.480336,1
-0.553697,0.177202,1
0.459938,-0.570936,1
0.315977,0.478260,1
0.496404,-0.220132,0
0.598537,-0.730441,0
-0.027232,-0.051178,0
0.820588,0.176981,1
0.654770,0.464621,1
-0.120760,0.087537,1
0.378153,-0.205868,1
-0.390677,0.704792,0
-0.053116,-0.765590,1
-0.381621,0.191672,0
-0.412293,-0.856367,0
-0.180769,0.944062,1
0.017258,-0.424926,0
-0.949493,0.235675,0
0.179213,0.122789,0
-0.697800,-0.105736,1
0.312240,0.794504,1
-0.367357,0.521765,1
-0.013987,0.419902,1
0.657588,-0.539442,1
0.410928,-0.283465,0
-0.351726,0.653786,0
-0.502784,-0.498733,1
-0.159049,-0.430213,0
-0.297379,0.830235,0
0.865448,0.479054,1
0.759816,-0.501848,1
-0.376009,-0.106088,0
-0.274273,0.553181,1
-0.276750,-0.153172,0
0.184361,-0.608836,0
-0.593695,-0.429004,1
-0.048598,-0.966776,0
0.616669,0.393937,0
0.560389,-0.487075,1
0.835547,0.509059,1
-0.879446,0.122997,0
-0.227497,-0.808102,1
-0.264441,-0.430222,0
-0.302937,-0.027390,0
0.418157,0.543568,0
-0.448359,0.812500,1
0.449657,0.359824,0
-0.467396,0.494880,1
-0.272653,-0.620167,1
-0.638441,-0.318138,1
-0.162023,-0.966580,0
0.278057,-0.938187,0
-0.792069,-0.583710,0
0.157015,-0.878464,0
-0.335547,0.337502,1
0.069778,-0.011057,0
0.723502,0.297373,1
0.398108,0.880772,1
-0.414472,0.629765,0
-0.516176,0.641781,0
0.684603,0.540717,1
-0.043936,-0.337864,1
0.552022,0.681126,1
0.318695,0.070003,1
0.247836,-0.351745,0
-0.816882,-0.315728,0
-0.178185,-0.181251,1
0.305917,0.794141,1
-0.130869,0.341415,0
-0.185081,0.502215,1
0.428490,0.089040,1
0.704590,-0.396331,1
-0.365651,0.328283,1
0.345513,-0.435122,0
-0.260175,-0.236296,0
-0.097870,0.332123,0
-0.344686,-0.010793,0
0.204652,0.229929,0
-0.560086,-0.235190,1
-0.715472,0.575169,0
-0.833033,-0.453672,0
-0.272051,-0.888057,0
-0.146974,-0.517234,0
-0.863321,-0.280577,0
-0.978863,0.109426,0
0.039604,0.251628,0
-0.767622,-0.515426,0
0.087111,-0.646619,1
0.890322,0.076358,1
0.435245,0.550872,0
-0.469826,-0.418789,1
-0.718787,-0.495369,0
-0.751973,-0.391986,0
0.298652,-0.820193,1
0.147159,0.372844,1
-0.814233,-0.511652,0
0.625934,0.694360,1
-0.246993,0.349449,1
-0.768705,-0.137568,0
0.611140,-0.288483,0
-0.002528,-0.127004,1
-0.235429,0.684584,0
-0.035306,-0.348460,1
0.205456,0.675311,0
-0.015582,0.641551,0
0.389023,0.791753,1
-0.188799,0.797069,0
-0.296865,0.432079,1
0.237420,-0.014716,0
-0.849303,0.141465,0
0.536834,0.311380,0
-0.571044,-0.394100,1
0.197972,0.818141,0
-0.099076,0.817846,0
0.285274,0.071765,1
0.366588,-0.427298,0
-0.156909,0.632675,0
-0.492829,0.122215,1
0.930748,0.105542,1
-0.203300,-0.822318,1
-0.388968,0.614079,0
-0.257106,-0.044511,1
-0.294129,-0.034090,0
0.844173,0.018179,1
0.996175,-0.036712,1
0.843716,0.503514,1
-0.736788,-0.646462,0
0.897191,-0.166868,1
-0.006948,0.896438,1
0.715402,-0.209507,1
-0.668852,0.695691,1
-0.255185,-0.399535,0
0.358256,0.279124,1
-0.249444,0.684858,0
-0.027423,0.269611,0
0.080666,-0.280735,1
0.347127,-0.202335,1
-0.139651,0.272635,0
-0.457415,0.264198,1
-0.934343,0.156288,0
0.418381,0.593783,0
-0.351447,0.718355,0
-0.010017,-0.253474,1
0.161122,0.480975,1
-0.251298,0.042991,0
0.478407,0.032434,1
-0.261613,0.607456,0
0.022854,-0.883842,0
-0.236570,-0.650052,1
0.406877,0.575118,0
-0.278319,-0.958745,0
-0.857205,-0.125338,0
0.340129,0.517992,0
0.533314,0.465455,0
-0.548742,-0.430995,1
-0.555701,-0.546211,1
-0.715714,0.295600,0
0.545208,0.752117,1
-0.174309,0.737271,0
0.519029,0.296262,0
0.233129,-0.391490,0
-0.903532,-0.361195,0
0.381772,0.318394,1
0.254563,-0.806132,1
-0.136117,0.048742,1
0.746112,0.114444,0
0.900470,0.148189,1
-0.084431,-0.622309,1
0.721399,0.224321,0
0.766595,0.056218,1
-0.650671,-0.628022,0
-0.413265,-0.531256,1
-0.208098,-0.035479,1
-0.304923,0.689309,0
-0.100295,-0.092012,1
-0.236915,-0.402933,0
-0.449501,0.160158,1
0.758244,-0.207771,1
0.863362,-0.008864,1
-0.184321,-0.945941,0
-0.407748,0.299953,1
0.131291,0.897975,1
0.056263,0.652100,0
-0.061729,0.349027,0
0.041321,-0.837671,1
-0.072442,0.354780,0
0.613345,-0.649181,1
0.427420,-0.507074,0
-0.359965,0.589707,0
0.196863,0.515645,1
-0.509026,-0.376096,1
-0.626144,0.054120,1
-0.630087,-0.135875,1
-0.916520,0.188856,0
-0.134283,0.069611,1
0.072683,0.202049,0
-0.098874,-0.595320,0
-0.417634,0.785525,0
0.041087,-0.628600,0
0.056093,0.355302,0
0.365900,-0.590735,1
-0.565629,-0.039720,1
0.689210,-0.377869,1
-0.274417,-0.017564,0
0.055396,0.264170,0
-0.392394,0.330898,1
-0.094372,0.142111,1
-0.546185,0.411828,1
-0.621478,0.487345,0
-0.837775,0.530401,1
-0.612915,0.433530,0
0.547500,0.406646,0
0.022208,-0.206874,1
0.651147,0.496295,1
-0.120861,0.604920,1
0.577586,0.512350,0
-0.588989,-0.609974,0
0.751211,-0.656933,0
-0.218274,0.852212,0
-0.192386,-0.558657,0
0.008692,0.242189,0
-0.836487,0.220784,0
0.863858,-0.302793,1
-0.267170,0.848105,0
-0.032231,-0.881389,0
-0.266594,0.589645,1
0.476444,-0.000219,1
-0.910920,-0.126761,0
0.326886,-0.772194,1
0.657678,0.543757,1
-0.732917,-0.545276,0
0.640643,-0.497544,1
0.123089,-0.564121,0
-0.843180,0.223855,0
0.402597,0.198837,1
-0.332461,-0.210801,0
0.599048,-0.556344,1
0.343662,-0.186147,1
0.134801,0.820459,0
0.371863,0.127557,1
-0.057386,0.644055,0
-0.436608,-0.418642,1
0.155492,0.074919,0
-0.476087,0.476677,1
-0.601891,0.368058,1
-0.671762,0.177465,1
0.059660,-0.734620,1
0.607582,0.305939,0
0.511050,-0.008140,0
-0.401461,0.656448,0
0.668319,-0.491430,1
0.249942,0.059808,0
0.275778,-0.265461,1
-0.090073,0.033489,1
-0.274627,-0.932295,0
0.289423,-0.689134,1
-0.367217,-0.358007,0
-0.301319,0.493333,1
-0.864189,-0.403325,0
-0.018993,-0.984394,0
0.243218,0.125280,0
0.415098,-0.329346,0
0.498198,-0.623106,1
0.797924,-0.324417,1
-0.344926,-0.268193,0
-0.531861,0.302379,1
0.230267,0.282602,1
0.566651,-0.330626,0
-0.265972,-0.735727,1
-0.778779,-0.082282,0
0.944288,-0.241209,1
-0.550725,-0.392891,1
-0.677249,0.441165,0
0.461301,0.445880,0
0.701518,-0.379301,1
0.233972,-0.077757,1
0.471673,0.352815,0
-0.277573,0.514278,1
-0.602131,-0.544922,0
0.412017,-0.774061,1
-0.871001,-0.175751,0
0.829215,0.036743,1
0.177919,-0.276656,1
-0.327592,-0.699076,1
0.179376,-0.209102,1
0.652245,0.043979,0
-0.208422,0.557124,1
-0.068756,-0.665887,1
0.850896,0.312101,1
-0.078122,-0.517741,0
-0.053583,-0.335437,1
0.539184,0.506820,0
0.023758,-0.554646,0
-0.214459,0.902547,1
0.542346,0.477245,0
-0.392483,-0.577944,1
0.687497,-0.102999,0
-0.756296,-0.581889,0
-0.045380,0.082797,1
-0.134057,-0.311615,1
0.827592,-0.094170,1
0.876428,0.146380,1
-0.468319,0.387594,1
0.284898,-0.945051,0
0.159166,0.547600,1
-0.711335,0.253677,0
0.600289,-0.559436,1
-0.387604,0.596850,0
0.151435,0.630378,0
0.454835,-0.126711,1
-0.670074,-0.430684,0
-0.414955,0.085517,0
-0.212981,0.394576,1
-0.176270,0.864026,0
0.422084,0.580204,0
0.445320,-0.847091,0
-0.153457,0.927109,1
-0.155130,0.791294,0
-0.879310,0.268685,0
-0.206475,-0.420556,0
-0.190840,-0.046748,1
-0.707245,-0.195237,1
-0.255961,-0.361771,0
0.061763,-0.194065,1
0.076953,-0.111812,0
0.428821,0.451022,0
0.441653,-0.360659,0
0.250753,-0.517943,0
-0.755508,0.460669,0
0.937658,-0.266506,1
0.085187,-0.511306,0
-0.396609,-0.222347,0
-0.279372,0.397653,1
-0.453470,-0.283236,0
0.405152,0.631111,0
-0.060473,0.054231,1
-0.027758,0.590060,1
-0.139608,-0.570222,0
0.627423,-0.572303,1
0.506667,-0.035025,0
-0.678106,0.189912,1
-0.239781,-0.777247,1
-0.146418,-0.691905,1
-0.068762,0.916094,1
-0.193152,-0.470345,0
-0.008750,-0.700472,1
0.565221,-0.441193,1
-0.654504,0.553696,0
-0.517525,0.632694,0
-0.471948,0.405801,1
0.383144,-0.913208,0
0.268291,0.757060,0
0.368855,0.104374,1
0.664211,0.679823,1
0.516982,-0.079493,0
-0.230882,0.537123,1
-0.936268,-0.334694,0
0.718605,0.308455,0
-0.530627,0.291742,1
0.011694,-0.002795,0
0.105389,-0.685375,1
-0.235240,-0.220692,0
-0.772032,-0.624782,0
-0.396908,-0.751321,0
-0.756945,-0.645446,0
0.290913,0.118045,1
-0.336371,-0.662585,1
-0.402833,-0.111317,0
0.692754,0.490904,1
-0.395342,0.629070,0
-0.127634,-0.803842,1
-0.788445,0.208029,0
0.268998,0.008982,1
0.234073,0.601101,0
0.001756,0.321858,0
0.519399,0.349575,0
-0.037732,-0.468561,0
-0.517870,-0.068496,1
0.306756,-0.497592,0
-0.763755,-0.530275,0
0.387454,-0.244262,0
0.179820,0.083721,0
-0.109642,0.823276,0
0.411940,0.754313,1
0.962974,-0.010720,1
0.036142,-0.861211,1
-0.939682,-0.081347,0
0.152587,-0.233119,1
0.459204,-0.070749,1
0.600215,-0.661756,1
-0.553733,-0.123274,1
-0.083209,-0.635356,1
0.142480,-0.704168,1
-0.855370,0.499360,1
0.602862,-0.162742,0
0.788860,-0.298908,1
0.200855,-0.916045,0
-0.612587,0.076960,1
0.538066,-0.742863,1
-0.232548,0.386883,1
0.648943,0.432382,0
0.172809,-0.004121,0
0.462900,-0.468916,0
0.964621,0.084351,1
-0.331756,-0.543845,1
-0.498991,0.214716,1
-0.468132,0.814222,1
0.353845,-0.137658,1
-0.619608,-0.601824,0
-0.024685,0.077087,1
-0.285753,0.335159,1
0.148065,-0.776457,1
0.243348,-0.387017,0
0.184060,-0.296711,1
-0.604055,-0.058603,1
0.042789,0.121351,0
0.377914,0.424995,0
-0.386164,-0.525348,1
0.551469,-0.589025,1
0.136454,0.570034,1
-0.161046,-0.376555,0
0.139389,-0.100154,0
0.034378,-0.586691,0
-0.077500,-0.589884,0
0.586155,0.268787,0
-0.887856,0.143319,0
0.701360,-0.167158,0
0.511559,-0.197762,0
0.506812,0.775940,1
0.701933,0.189405,0
-0.922791,0.098403,0
-0.579389,-0.614026,0
0.206012,0.561871,0
0.330641,-0.730745,1
-0.528046,-0.127250,1
-0.165216,0.438306,1
0.403496,0.540944,0
-0.328287,0.144069,0
0.006537,-0.642016,1
-0.040859,-0.469296,0
0.625045,0.321784,0
0.902055,0.080513,1
-0.130477,0.078436,1
-0.266935,0.000610,0
0.180901,-0.202547,1
-0.708622,0.399986,0
0.075292,0.540302,1
-0.269351,-0.202663,0
0.056620,-0.630457,1
0.409202,-0.733705,1
-0.355105,0.920746,1
-0.899365,0.186793,0
0.589182,0.614776,1
0.551452,0.571945,0
-0.406958,0.284117,1
0.377059,0.808879,1
-0.277233,-0.646270,1
0.203489,0.957751,1
0.952825,-0.296938,0
0.111885,0.226623,0
0.125066,0.850377,0
-0.471361,-0.202646,0
-0.970069,0.020534,0
0.980863,0.064647,1
0.342769,0.939293,1
-0.447905,0.680717,0
-0.576728,0.368907,1
-0.051580,-0.319660,1
0.160755,0.125935,0
-0.252850,0.647144,0
0.834696,0.525910,1
-0.325246,-0.739825,1
-0.467422,0.522149,0
-0.350789,0.590561,0
-0.084285,-0.576450,0
-0.547524,-0.171906,1
0.618953,0.070287,0
0.124986,-0.697540,1
-0.005003,0.110632,1
-0.461742,-0.126247,0
0.463197,0.277906,1
0.660477,0.644378,1
-0.903917,-0.111943,0
-0.833893,-0.264712,0
0.699882,-0.327831,1
-0.903258,0.228873,0
0.247770,0.642088,0
0.523013,-0.071145,0
-0.502846,-0.031047,0
-0.479930,-0.315683,1
0.365549,0.780525,1
0.529372,-0.083058,0
-0.559444,-0.082029,1
0.616704,0.147059,0
-0.579941,0.707094,0
-0.188985,-0.615699,1
-0.799387,-0.427740,0
0.358584,-0.885671,0
0.325872,-0.237291,1
0.879125,0.056433,1
0.639383,-0.099188,0
0.389843,-0.808284,1
0.253178,0.149953,1
0.467069,0.521626,0
-0.177570,-0.354621,0
-0.249689,-0.537522,1
0.419548,0.866654,1
-0.421840,0.762589,0
-0.378135,0.410388,1
0.825204,0.435128,1
-0.489928,-0.504157,1
-0.034802,0.348182,0
-0.982612,0.105203,0
-0.826050,0.179941,0
0.233689,-0.048646,1
-0.319596,0.944488,1
0.293756,0.153241,1
0.460123,-0.344514,0
-0.185672,0.913069,1
0.139604,-0.364422,1
-0.051326,0.540922,1
0.343247,-0.561603,0
0.705413,-0.655487,0
0.825260,-0.491981,0
-0.649408,0.314527,0
0.676842,-0.136509,0
-0.734326,-0.271859,0
0.302152,-0.168298,1
0.476144,-0.019414,1
-0.150675,-0.298703,1
0.582681,0.473551,0
0.299110,0.423470,1
-0.620701,-0.239072,1
0.682761,-0.536400,1
0.263469,0.630312,0
-0.168217,0.451950,1
0.162380,0.364336,1
0.189321,0.186652,0
-0.054447,0.617416,1
0.098204,-0.074323,0
-0.838948,-0.447123,0
-0.422153,-0.876273,0
-0.119754,0.017903,1
0.345121,-0.415696,0
-0.492496,-0.593476,1
0.155643,-0.116771,0
-0.181624,-0.690471,1
-0.559067,0.325006,1
0.663828,0.363804,0
-0.274852,-0.456610,0
-0.280935,0.354490,1
-0.786568,0.507033,0
-0.028810,-0.186713,1
-0.811865,-0.556473,0
-0.867378,0.402732,0
-0.813687,-0.105267,0
-0.647608,0.065984,1
-0.262931,0.530082,1
-0.042237,0.835091,0
0.039884,-0.847592,1
0.282879,0.068128,1
-0.100669,0.149321,0
0.560704,0.247912,0
0.670690,0.006031,0
0.121362,-0.225650,1
0.481898,-0.630598,1
0.720606,0.118302,0
-0.635253,-0.274085,1
-0.554610,0.376530,1
-0.597564,0.154418,1
0.855525,0.422174,1
0.229106,0.439149,1
0.488125,-0.711703,1
0.922667,-0.060391,1
0.289270,0.303910,1
-0.446627,-0.784497,0
0.188900,0.837158,1
0.902745,0.011860,1
-0.558629,-0.675614,0
-0.035016,-0.858018,1
-0.492529,-0.054041,0
-0.095781,-0.234764,1
0.062008,0.533936,1
0.137711,-0.000705,0
-0.203777,0.744618,0
0.056635,0.918168,1
0.678219,-0.724127,0
0.506041,0.246533,0
-0.616705,0.701576,1
0.752155,0.426651,1
-0.650509,0.216477,1
-0.737601,-0.155318,1
0.717573,-0.070710,0
0.348745,-0.204173,1
0.907608,0.212654,1
-0.706468,-0.176090,1
0.760997,0.112976,1
-0.025273,0.256202,0
0.290548,0.612285,0
0.389033,0.411114,0
-0.350145,0.710291,0
0.082954,0.620215,0
0.059687,0.777020,0
-0.780550,0.502978,0
0.288258,-0.481882,0
-0.343162,-0.292188,0
-0.257307,0.471845,1
0.587004,0.379557,0
0.834404,-0.532625,0
-0.414079,-0.223979,0
0.009623,-0.802158,1
-0.405414,0.712332,0
-0.975419,0.001645,0
0.107648,-0.407078,0
-0.434451,0.341342,1
-0.870944,-0.474518,0
0.207264,0.441654,1
-0.188777,-0.332634,0
-0.488185,0.487307,0
0.770863,-0.420412,1
-0.745516,-0.437282,0
0.054723,-0.943216,0
-0.871881,0.020225,0
-0.793157,0.432804,0
0.462570,-0.792707,0
-0.907867,0.094638,0
-0.260133,0.710348,0
0.871169,0.398201,1
0.853111,0.409825,1
0.112095,-0.525938,0
0.717087,-0.151543,0
-0.443986,-0.586833,1
-0.474960,-0.193389,0
0.413451,0.342695,1
-0.018323,-0.789487,1
-0.804119,0.158859,0
0.323066,-0.891054,0
0.411313,0.009825,1
0.264363,-0.062380,1
-0.525697,0.633042,0
0.035655,-0.827625,1
-0.860435,-0.038494,0
-0.248915,0.897791,1
0.653460,-0.709202,0
-0.222670,0.941262,1
-0.497531,0.830318,1
0.036260,0.098721,0
0.163573,0.949742,1
-0.095872,0.734857,0
-0.531041,-0.762701,0
0.327518,0.101674,1
-0.843427,0.379292,0
-0.397989,0.289189,1
-0.395972,0.425615,1
-0.615578,-0.415367,1
-0.384102,-0.041425,0
-0.207452,-0.866977,0
0.326864,-0.775086,1
-0.109100,0.087304,1
-0.235597,0.406605,1
-0.067846,-0.562625,0
0.310728,0.632909,0
0.591824,0.223343,0
0.000628,-0.096726,0
-0.408995,0.712466,0
0.572121,-0.025185,0
0.176263,-0.753898,1
-0.356055,0.142998,0
-0.077185,0.057950,1
0.541839,0.433327,0
-0.270451,0.820728,0
-0.615348,-0.197541,1
0.332963,0.563871,0
0.462680,0.141009,1
0.066247,-0.938701,0
0.059914,-0.496300,0
0.273627,0.450645,1
0.498142,0.615053,0
-0.011103,-0.540289,0
-0.670397,-0.441798,0
-0.115274,-0.615090,1
-0.261251,-0.453607,0
0.825637,0.269380,1
-0.344439,-0.242456,0
-0.884642,-0.008006,0
0.169696,0.806951,0
0.114331,-0.952265,0
0.043956,0.039233,0
-0.962859,-0.146780,0
0.163164,-0.738689,1
0.307798,0.723483,0
-0.196499,-0.852305,0
-0.209987,0.881643,1
0.307990,-0.155687,1
0.246494,0.051463,0
0.680322,0.293905,0
-0.257290,-0.429410,0
-0.761385,0.184395,0
0.085207,-0.168203,1
0.472171,-0.138094,0
-0.065862,0.166529,0
-0.327073,-0.405926,0
0.894387,0.203056,1
-0.449779,0.424405,1
-0.195356,-0.801196,1
-0.173103,0.589671,1
0.291077,-0.199188,1
0.400960,0.025433,1
-0.593733,0.577227,0
0.816839,-0.328100,1
0.698634,-0.340010,1
0.091301,-0.453464,0
0.241993,-0.169697,1
-0.442324,0.296319,1
-0.706167,0.293734,0
-0.486286,-0.220705,1
-0.418086,0.181495,0
-0.255056,-0.408586,0
-0.135762,-0.479993,0
0.138078,-0.953234,0
0.545246,-0.631691,1
-0.396028,-0.553391,1
-0.332373,0.261772,0
0.558920,-0.077243,0
0.171298,0.290802,1
-0.064113,-0.542549,0
-0.372865,0.335384,1
0.512285,-0.582996,1
-0.235584,0.884498,1
-0.899222,-0.372800,0
0.321425,0.307612,1
-0.271189,-0.753968,1
-0.396937,0.121158,0
-0.036434,-0.827121,1
0.323475,-0.016040,1
-0.090436,-0.074238,1
0.037208,0.997316,1
-0.382485,0.410061,1
0.542518,0.196253,0
0.482736,0.627275,0
-0.713405,0.159044,1
0.191943,-0.099125,1
0.522701,-0.224514,0
-0.363103,0.697896,0
0.397318,0.193351,1
-0.174370,-0.788834,1
0.831890,0.394164,1
-0.413125,-0.157142,0
-0.788948,0.227517,0
-0.188926,0.102360,0
0.033370,-0.851771,1
-0.314685,0.167365,0
0.197837,0.372796,1
0.217557,0.287456,1
0.588513,0.585136,1
-0.016793,-0.924631,0
0.115603,-0.814272,1
-0.195736,-0.901848,0
-0.101945,0.354197,0
-0.075021,0.161380,0
-0.358146,-0.086922,0
0.359327,-0.293692,0
-0.170007,-0.875304,0
0.560794,0.595906,1
0.586716,-0.116959,0
-0.209063,-0.198921,1
-0.540679,-0.357831,1
-0.000620,0.481813,1
-0.359779,0.433543,1
-0.181512,-0.340136,0
-0.020448,-0.083102,0
0.587326,-0.709853,1
0.880348,-0.396788,1
0.933529,0.076255,1
0.973291,0.210646,1
0.041471,0.802043,0
0.298969,0.882707,1
-0.734965,-0.477340,0
0.085476,0.558510,1
0.899657,-0.234164,1
-0.116376,-0.154382,1
0.668942,0.606787,1
-0.116753,0.085368,1
0.032066,-0.607131,0
0.800036,-0.308784,1
0.495684,-0.386668,0
0.355651,0.779510,1
0.875792,-0.206906,1
-0.314102,0.025399,0
0.657150,0.677297,1
-0.853199,-0.451826,0
-0.069632,0.050039,1
0.137815,0.336747,1
-0.879586,-0.078536,0
0.315804,-0.460205,0
0.762605,0.390523,1
-0.443570,0.572589,0
0.358448,-0.179176,1
-0.062774,0.053691,1
-0.455651,0.559527,0
0.146273,-0.304230,1
0.026115,0.072999,1
0.564097,-0.204935,0
-0.746592,0.574961,0
0.439810,-0.359900,0
0.188616,-0.755371,1
-0.202479,0.415128,1
-0.950882,0.083302,0
-0.315566,0.914381,1
0.054047,0.501280,1
-0.449934,-0.010414,0
-0.498347,-0.022958,0
0.483548,0.522012,0
-0.090963,0.591395,1
-0.493670,0.260680,1
0.332960,-0.684992,1
0.729541,-0.370330,1
-0.003947,0.362761,0
0.213256,-0.272510,1
0.390444,-0.747498,1
0.342719,-0.912462,0
-0.781165,0.395594,0
0.297654,-0.106702,1
-0.567614,-0.208587,1
-0.404138,0.342446,1
0.041204,0.105492,0
0.545709,0.147230,0
-0.139465,-0.454422,0
-0.305066,0.040050,0
0.801568,-0.310529,1
-0.924489,0.318475,1
-0.111742,-0.153838,1
-0.407854,-0.801488,0
0.536215,-0.389129,0
0.182966,-0.107357,1
-0.693921,0.168697,1
-0.684811,0.598913,0
0.988154,0.005419,1
-0.966521,0.180380,0
-0.252138,0.355705,1
-0.701693,0.054384,1
-0.533672,0.359173,1
-0.031465,-0.688335,1
-0.359021,-0.316786,0
-0.772724,-0.271151,0
0.593135,-0.196644,0
0.925098,0.372714,1
-0.195233,-0.836166,0
0.259757,0.879395,1
0.444148,0.184982,1
-0.593929,-0.462034,1
-0.344245,0.880555,1
-0.458349,0.104878,0
0.101360,0.889538,1
0.123301,0.758629,0
0.563410,0.344642,0
0.727185,0.065214,0
0.438803,0.747644,1
-0.443541,0.429442,1
0.398591,-0.732677,1
0.142141,-0.948736,0
-0.677452,-0.322110,1
0.507505,0.253277,0
-0.526975,-0.251521,1
-0.485309,-0.376123,1
-0.023251,-0.271032,1
0.372299,0.897233,1
0.162479,0.230748,0
-0.203002,-0.595825,1
-0.228598,-0.189971,1
0.525984,0.156255,0
0.837083,-0.279812,1
-0.096666,0.692734,0
-0.103710,-0.080837,1
0.855549,0.147281,1
0.415566,-0.105253,1
-0.142046,-0.888024,0
0.431700,-0.474668,0
0.750960,-0.588839,0
-0.401167,-0.670969,1
0.606658,-0.082602,0
-0.676388,-0.216170,1
-0.044879,0.868161,0
0.485111,-0.376663,0
0.377843,-0.546531,0
0.338796,0.456662,1
0.347530,0.432753,1
0.033887,-0.377882,1
0.730497,-0.463339,1
0.167730,-0.834765,1
-0.585045,-0.644885,0
-0.402494,-0.731271,1
-0.568776,-0.126069,1
0.511085,0.732943,1
-0.343166,0.902472,1
0.761008,0.072950,1
0.808897,-0.442742,1
0.704176,-0.309785,1
-0.315664,0.309939,1
0.418598,0.740393,1
-0.602058,0.462763,0
0.664968,-0.062361,0
-0.737274,-0.302282,0
0.407269,-0.731416,1
-0.381519,0.226633,0
-0.608765,0.112511,1
0.609891,-0.051872,0
0.382399,-0.750181,1
-0.612823,-0.286441,1
-0.648353,0.042738,1
-0.269477,0.208998,0
-0.314667,-0.382537,0
0.382322,-0.287143,0
0.205494,0.832633,1
0.858520,-0.401670,1
0.796318,-0.089290,1
0.946548,-0.281636,0
0.756105,-0.181801,1
-0.492853,0.554270,0
-0.802976,0.575834,1
-0.206331,-0.922991,0
0.107426,-0.370077,1
0.470988,-0.617155,1
0.779509,-0.008008,1
-0.203663,0.497212,1
-0.538978,-0.330850,1
0.204084,-0.658547,1
0.773867,-0.412260,1
-0.593820,-0.232847,1
0.189744,0.567581,1
0.745364,-0.015188,0
0.094843,0.060486,0
-0.213005,0.194664,0
-0.390819,-0.093937,0
0.108798,-0.188982,1
0.665979,0.670526,1
-0.165245,0.953801,1
0.103773,-0.895009,0
-0.084582,0.089796,1
-0.276824,-0.049570,0
0.104010,-0.860262,1
-0.644602,-0.157852,1
0.247943,-0.248206,1
-0.418740,0.662817,0
-0.742095,-0.011182,1
-0.931038,-0.336749,0
0.091080,0.942961,1
0.613252,-0.094797,0
0.213022,0.943894,1
0.362591,-0.520685,0
0.374519,-0.433575,0
0.336408,-0.035734,1
0.040933,0.000491,0
0.087523,-0.717132,1
0.466731,0.625082,0
0.187281,-0.981757,0
-0.508217,0.556671,0
-0.048440,0.791241,0
0.091457,-0.897610,0
-0.544525,0.357584,1
0.512950,0.845987,1
-0.171560,-0.749898,1
0.361786,-0.813474,1
0.499006,-0.126076,0
0.361571,-0.620111,1
-0.674555,-0.677127,0
-0.695099,-0.525891,0
0.379748,-0.111006,1
0.021268,0.191047,0
0.518705,0.110738,0
-0.259437,-0.260455,0
-0.589130,-0.780107,0
-0.364608,0.382458,1
-0.645364,-0.675242,0
-0.419225,-0.380701,1
-0.112902,0.024914,1
-0.043620,0.011209,1
0.370626,-0.237049,1
-0.186829,-0.502734,0
-0.323154,-0.536296,1
-0.695734,-0.170757,1
0.310482,-0.492900,0
0.932440,-0.300239,0
-0.554444,0.115581,1
0.461552,0.153885,1
-0.632254,-0.656415,0
-0.135163,-0.442947,0
0.621370,0.372898,0
-0.403835,-0.329374,0
0.567879,-0.168329,0
0.833099,0.088745,1
-0.501940,0.401058,1
0.783611,-0.427659,1
0.116214,0.823369,0
0.088754,-0.843631,1
0.444574,-0.622067,1
-0.005949,-0.430655,0
-0.682751,-0.469299,0
-0.513298,0.211696,1
0.263188,0.583967,0
-0.584513,0.062068,1
-0.730397,-0.099200,1
0.488559,-0.174416,0
0.881642,0.003720,1
-0.377989,0.218707,0
-0.534532,0.741036,0
0.035933,0.741015,0
0.243103,0.569191,0
0.111961,0.639168,0
-0.795984,0.171532,0
-0.511030,0.244026,1
0.953894,0.219694,1
-0.773079,0.239559,0
-0.467644,-0.282528,1
-0.574319,-0.177970,1
-0.935743,0.025633,0
-0.471211,0.097949,0
-0.823349,-0.219471,0
0.000662,0.045930,1
-0.627603,-0.642598,0
0.660689,0.641126,1
-0.036122,-0.998978,0
0.271982,0.479925,1
-0.288925,0.852204,0
0.280543,0.277639,1
0.753445,-0.095744,1
0.336531,-0.895646,0
0.134876,-0.671456,1
0.132031,-0.277913,1
-0.480936,0.852645,1
0.462467,0.717981,1
-0.776521,0.024214,0
0.319189,-0.897234,0
-0.809873,-0.305533,0
0.904198,-0.395955,0
-0.469559,-0.559759,1
-0.471857,0.279644,1
-0.002264,-0.266381,1
-0.006754,-0.801861,1
-0.313698,-0.011082,0
-0.565734,0.403086,1
-0.517794,-0.820694,0
0.385764,0.422633,0
0.155761,-0.371765,1
-0.757020,0.374712,0
0.119687,0.548659,1
0.873755,-0.317582,1
-0.779038,-0.452630,0
0.315658,0.089572,1
-0.489973,-0.382374,1
-0.624921,-0.742866,0
0.828690,-0.315663,1
-0.752777,0.307895,0
-0.368101,0.172900,0
-0.059177,-0.681739,1
0.087722,-0.042097,0
0.920038,0.217257,1
0.158865,-0.174043,1
-0.640241,0.059225,1
0.569341,-0.026107,0
0.223674,0.706894,0
-0.041007,0.567085,1
0.732848,0.174147,0
0.510397,-0.774526,0
-0.694386,-0.719022,0
0.346161,-0.852906,0
-0.491559,-0.708791,0
0.710820,0.272506,0
-0.056572,0.588043,1
0.090269,-0.466437,0
-0.987116,-0.074830,0
-0.197587,-0.292682,0
-0.547743,-0.299089,1
-0.510848,-0.726444,0
-0.013218,0.517890,1
-0.013943,-0.332846,1
0.731413,0.440642,1
-0.574244,-0.155320,1
-0.853514,0.261423,0
0.605894,0.772735,1
-0.422288,-0.709722,1
-0.787371,0.055631,0
0.837445,0.058672,1
0.951542,0.141214,1
-0.551057,0.733666,0
-0.202975,-0.920902,0
0.895224,-0.098763,1
-0.551088,0.389195,1
-0.559179,-0.232807,1
-0.444283,-0.458533,1
-0.270783,0.605286,0
0.085318,0.232997,0
-0.154647,-0.461737,0
-0.181698,0.520425,1
0.189711,-0.178622,1
-0.037292,0.097618,1
-0.678234,0.381405,0
-0.030079,0.430018,1
0.494913,0.457654,0
0.399740,0.413977,0
-0.056891,0.539825,1
-0.665673,0.620382,0
0.196477,-0.936823,0
-0.538524,0.424317,1
-0.582595,-0.177529,1
-0.700822,0.595417,0
-0.468605,-0.620729,1
0.484604,-0.121299,0
0.513810,0.847480,1
-0.564927,-0.758899,0
0.268481,-0.056333,1
0.116477,0.503032,1
0.002586,-0.226475,1
0.071893,0.402379,1
-0.587851,-0.762421,0
-0.085787,-0.445420,0
-0.037522,-0.131420,1
0.264385,0.494610,1
-0.529939,0.800953,1
0.709564,0.049322,0
-0.375220,0.047672,0
-0.628039,-0.494229,1
0.400690,-0.531132,0
-0.441402,-0.557877,1
0.709061,0.089954,0
0.204868,0.940672,1
0.700345,0.118625,0
-0.774307,0.531622,0
-0.545151,-0.301788,1
0.264333,-0.553217,0
-0.080699,-0.354086,0
0.825639,-0.192515,1
0.626776,-0.343692,1
-0.369850,0.737030,0
-0.057120,-0.293685,1
-0.152053,0.224539,0
0.608510,0.614487,1
-0.922443,-0.193676,0
0.237564,-0.491327,0
0.037135,-0.421827,0
0.619515,-0.584046,1
0.140235,0.100868,0
-0.861668,-0.182294,0
-0.360150,0.920222,1
-0.913340,0.315362,0
-0.279841,-0.495332,0
0.885553,-0.113436,1
0.088773,-0.914603,0
-0.215925,0.222374,0
0.349011,0.138296,1
0.664109,-0.348607,1
0.010194,0.074994,1
-0.209209,-0.512352,0
0.662502,0.488353,1
-0.811645,-0.426158,0
-0.637651,0.457613,0
-0.357076,0.068830,0
-0.210399,0.219549,0
-0.917182,0.089345,0
0.233240,-0.408410,0
-0.132454,-0.668810,1
-0.518916,0.409026,1
0.676075,-0.530237,1
-0.090946,0.917780,1
-0.602787,0.345133,1
-0.018564,0.601344,1
-0.822794,0.155395,0
0.002183,-0.905528,0
-0.069811,0.915767,1
-0.642250,-0.586419,0
0.218094,-0.420291,0
0.055561,-0.664145,1
-0.655383,-0.362924,1
0.564517,-0.741963,0
0.743799,0.038778,0
0.491474,0.096117,1
0.795509,-0.079564,1
-0.007924,-0.311784,1
-0.097007,0.746603,0
-0.974426,-0.033165,0
-0.664541,-0.534679,0
0.458645,-0.116072,1
-0.907211,0.407415,1
0.138380,-0.704964,1
-0.875903,-0.240679,0
0.570672,0.284139,0
0.253560,-0.702750,1
0.588001,-0.033640,0
-0.530594,-0.834705,0
-0.897670,0.222091,0
0.131983,0.648285,0
-0.542275,-0.391214,1
-0.318116,0.037625,0
-0.667188,0.647650,0
-0.483948,-0.398398,1
-0.012215,-0.374485,0
0.427948,-0.709848,1
-0.043969,-0.243296,1
0.493655,0.790668,1
0.337413,-0.139554,1
-0.006371,0.954742,1
-0.767054,0.247253,0
0.216401,-0.749409,1
0.216112,-0.338623,1
0.666916,0.174337,0
-0.536228,-0.289040,1
-0.663970,-0.091192,1
-0.332674,0.221153,0
0.249874,-0.350731,0
-0.682738,-0.329539,1
-0.224034,-0.822566,1
0.283368,-0.934171,0
-0.717188,-0.295433,1
-0.721583,0.292286,0
-0.236230,-0.651342,1
-0.500644,-0.385595,1
-0.649042,0.718204,1
0.143610,-0.618535,0
0.560822,0.045264,0
0.699408,0.018738,0
-0.677423,0.131994,1
-0.794753,0.456394,0
-0.360641,0.190530,0
0.658028,-0.641308,1
0.592206,-0.560526,1
0.470379,0.869870,1
0.653689,0.010776,0
-0.106532,0.516478,1
0.147470,-0.486261,0
-0.582555,0.625554,0
0.361676,-0.515224,0
-0.556149,0.690748,0
0.061986,0.432946,1
-0.054586,-0.945832,0
0.922296,-0.232405,1
-0.445463,-0.824132,0
0.785669,-0.447756,1
0.352745,-0.020599,1
-0.608334,-0.105864,1
-0.628327,-0.590894,0
-0.723494,0.353913,0
0.402842,0.698882,0
0.245859,0.389557,1
-0.021179,-0.623960,1
-0.171578,-0.175860,1
-0.402742,0.517183,1
-0.303479,-0.927433,0
-0.007397,0.595783,1
-0.214428,-0.197249,1
0.041002,-0.937042,0
-0.865891,-0.152855,0
-0.599896,-0.516582,1
0.493362,-0.571379,1
-0.459196,-0.035616,0
0.378086,-0.795053,1
-0.500122,-0.552955,1
0.375691,-0.871492,0
-0.761980,-0.040327,0
-0.497067,0.016149,0
-0.175650,-0.497248,0
0.341980,-0.141334,1
-0.683468,0.355749,0
0.253607,0.561275,0
0.445005,0.864153,1
-0.591042,-0.254893,1
-0.054299,-0.788264,1
0.077008,-0.642644,1
0.197363,0.156214,0
0.167985,-0.216930,1
0.640711,-0.644469,1
0.322828,0.859260,1
0.929722,0.013370,1
0.526177,-0.634166,1
-0.403752,-0.692848,1
0.796127,-0.568265,0
-0.802887,0.059906,0
-0.106482,0.919778,1
-0.864217,0.180103,0
0.363056,0.812633,1
-0.292673,0.268817,0
0.487818,-0.361557,0
-0.610839,0.204872,1
0.837805,-0.181197,1
-0.512424,-0.451431,1
-0.430185,0.809937,1
-0.519013,-0.219404,1
0.779305,0.463135,1
0.066498,-0.047946,0
-0.718424,0.170740,0
-0.853558,-0.450521,0
0.459250,0.847893,1
0.373341,0.867164,1
-0.650623,-0.580230,0
0.528750,0.649245,1
-0.190472,-0.757329,1
-0.422765,-0.618787,1
0.021910,-0.023279,0
0.857595,-0.452102,0
0.174183,-0.377153,0
0.339491,-0.162138,1
0.104254,0.678568,0
0.307091,0.175119,1
-0.912538,-0.072918,0
-0.854887,-0.298819,0
0.537400,0.562274,0
0.521786,0.601967,0
-0.280804,0.285573,0
-0.373002,-0.610084,1
-0.017175,-0.675424,1
-0.713915,0.294960,0
-0.296341,0.218480,0
-0.032593,-0.078585,0
-0.636664,-0.412091,1
-0.287707,0.924423,1
-0.705078,0.062492,1
-0.194182,-0.775974,1
0.101420,0.818472,0
0.622112,0.545420,1
-0.184203,-0.403114,0
-0.340335,0.677721,0
0.400075,-0.888674,0
0.565039,0.508543,0
0.678774,-0.240980,0
0.029916,-0.430137,0
0.330911,0.668353,0
0.276349,0.744372,0
0.631131,-0.091168,0
0.726279,0.124065,0
-0.310614,0.788176,0
-0.427903,-0.895520,0
0.372550,0.692885,0
0.100674,0.676350,0
-0.783906,-0.267242,0
0.235485,-0.025755,0
0.407893,-0.879501,0
-0.883543,-0.256148,0
-0.798968,0.268533,0
-0.765403,-0.274858,0
-0.804480,-0.003576,0
0.595460,-0.237775,0
-0.486247,-0.020531,0
-0.192199,-0.415108,0
