0.435418,0.583448,0
-0.381863,0.653590,0
-0.276225,-0.178045,0
-0.865337,0.212584,0
0.218252,-0.880549,0
-0.932812,0.076561,0
-0.864811,0.176359,0
0.160413,0.127545,0
-0.332321,0.185910,0
0.000000,0.000000,0
0.188273,0.773662,0
0.302180,-0.364263,0
-0.158756,-0.919128,0
-0.752047,-0.499426,0
0.122748,-0.982819,0
-0.386864,0.665835,0
0.286605,-0.373975,0
0.005944,0.244877,0
-0.162053,0.657068,0
-0.624485,0.397515,0
-0.224200,-0.386956,0
0.665282,0.423557,0
-0.027260,0.158924,0
-0.835197,-0.531457,0
-0.024711,0.295617,0
-0.913334,0.291241,0
0.039939,0.283558,0
0.636704,0.342940,0
-0.735071,0.477148,0
0.363736,-0.443504,0
0.554278,0.258411,0
0.023099,-0.445496,0
0.550803,0.218211,0
0.311977,0.663830,0
-0.784292,-0.536549,0
-0.205113,0.808040,0
-0.100715,-0.589794,0
0.287920,-0.434858,0
-0.786585,0.489166,0
0.615651,0.031211,0
0.920658,-0.381299,0
-0.029634,0.322679,0
0.335802,-0.365017,0
-0.394536,-0.115504,0
-0.931333,0.024892,0
-0.473843,-0.862248,0
0.125479,0.759115,0
0.653604,0.367154,0
-0.233479,-0.226909,0
-0.877148,-0.307590,0
-0.540072,0.591035,0
-0.738197,0.195104,0
0.532129,0.299731,0
-0.378220,-0.852027,0
-0.226484,0.238128,0
0.395076,0.461427,0
-0.173314,-0.517651,0
-0.991567,-0.061607,0
-0.644619,-0.763195,0
0.621893,0.035343,0
0.828167,-0.531167,0
-0.232620,0.797426,0
0.239003,-0.946508,0
-0.616864,-0.737211,0
-0.325297,-0.119087,0
-0.224041,-0.343228,0
-0.585395,0.491236,0
0.680696,-0.040656,0
-0.219629,-0.314266,0
0.146140,-0.060358,0
0.701248,0.015862,0
-0.340229,0.625495,0
0.610035,-0.151186,0
-0.758511,0.551962,0
-0.455619,0.080071,0
-0.435177,0.797886,0
0.274646,0.744694,0
-0.042031,-0.564122,0
-0.639204,-0.754598,0
-0.636910,-0.516086,0
0.291857,-0.397265,0
-0.508960,0.721082,0
0.643454,0.192268,0
0.615845,-0.133174,0
-0.515501,-0.794518,0
0.849380,-0.523979,0
-0.485856,-0.054258,0
0.426835,-0.468841,0
-0.290770,-0.292323,0
-0.602136,0.699594,0
-0.397027,-0.804593,0
0.636162,0.477806,0
-0.098513,-0.870227,0
0.149791,0.646964,0
-0.739586,0.178922,0
-0.427491,0.057018,0
-0.577219,0.611407,0
0.059738,0.651484,0
0.121694,0.766284,0
-0.551124,-0.784387,0
-0.313579,0.093104,0
-0.014656,-0.498784,0
-0.165788,-0.378833,0
-0.435552,-0.278018,0
0.005259,0.757610,0
0.531056,-0.234476,0
-0.962140,-0.079288,0
-0.494809,-0.765613,0
-0.134368,-0.407364,0
0.300765,0.649261,0
0.013573,-0.534617,0
-0.237167,-0.515511,0
-0.234251,-0.223889,0
0.062200,-0.956102,0
0.603507,0.027916,0
-0.945889,-0.091074,0
0.065922,0.688225,0
-0.838541,-0.062037,0
-0.218423,0.101446,0
0.313913,-0.423626,0
-0.590559,-0.776685,0
0.492543,-0.224502,0
-0.573702,0.471026,0
-0.087095,-0.589419,0
-0.152513,0.329757,0
0.930657,-0.365893,0
0.370776,0.738597,0
-0.631285,0.446631,0
-0.389396,-0.174273,0
-0.897023,-0.073146,0
0.405716,0.550813,0
-0.891973,-0.168478,0
0.396891,-0.525811,0
-0.856969,-0.199008,0
0.128109,-0.477062,0
0.458142,0.618147,0
-0.702689,-0.688643,0
0.007577,0.667789,0
-0.151575,-0.372860,0
-0.587433,0.623637,0
0.221175,-0.466992,0
-0.067449,0.803399,0
-0.759285,0.390494,0
-0.145461,-0.537439,0
-0.119987,-0.573239,0
0.535197,-0.297598,0
0.535377,0.417578,0
0.061811,0.783058,0
0.277636,-0.394865,0
0.319298,-0.303396,0
0.376367,-0.510243,0
0.229162,0.665946,0
-0.003282,0.664823,0
0.361458,0.671080,0
0.583878,-0.223800,0
0.673619,-0.142258,0
0.516180,-0.039476,0
0.662147,0.050604,0
-0.153405,-0.431818,0
-0.009405,0.846706,0
-0.175501,0.339410,0
-0.796298,-0.279124,0
-0.921748,-0.198447,0
-0.583259,-0.740141,0
0.777645,-0.601887,0
0.317471,0.511089,0
0.166749,0.170865,0
0.034414,0.178370,0
0.532989,0.109190,0
-0.686867,0.432681,0
0.594018,0.127052,0
-0.512430,0.528597,0
-0.438894,-0.222199,0
-0.856078,-0.311657,0
0.488390,0.243876,0
0.028593,0.813131,0
0.288892,0.785838,0
-0.724867,-0.320262,0
-0.284104,-0.957750,0
-0.927988,-0.144353,0
-0.904894,0.300279,0
-0.882448,0.016918,0
-0.622458,0.347198,0
-0.923342,-0.365293,0
0.550300,0.426814,0
-0.910861,-0.348328,0
0.731218,0.119667,0
-0.089979,0.727258,0
-0.870508,0.056713,0
-0.204260,-0.255496,0
-0.755597,-0.008576,0
-0.214769,0.069816,0
0.620122,-0.066701,0
-0.487286,-0.765214,0
-0.643382,-0.730109,0
-0.415545,-0.152715,0
0.723184,-0.002124,0
-0.434494,0.652852,0
0.476883,0.545511,0
0.142039,0.238380,0
0.155881,-0.484460,0
0.591245,0.102127,0
0.529588,0.074408,0
-0.096766,0.150454,0
-0.569709,0.706705,0
0.560727,-0.320289,0
-0.134899,0.238332,0
-0.372090,-0.023434,0
0.131597,0.258229,0
-0.023723,0.174463,0
0.531984,-0.216779,0
-0.134483,-0.872304,0
-0.866210,-0.273277,0
-0.216747,-0.446118,0
0.175259,0.691581,0
-0.498790,-0.846881,0
-0.898816,-0.264822,0
-0.875132,0.400180,0
-0.555847,0.427824,0
-0.154638,0.710695,0
0.504536,-0.102192,0
-0.722187,-0.442092,0
-0.795336,0.021004,0
-0.971837,0.059441,0
-0.061339,0.718497,0
0.276872,-0.482019,0
0.270016,0.653522,0
-0.814729,0.352445,0
-0.083309,0.189894,0
0.001871,-0.966952,0
-0.845972,-0.464039,0
0.605694,0.443998,0
-0.935252,0.017404,0
0.163086,0.190796,0
-0.641596,-0.583399,0
-0.186603,0.259190,0
0.113783,-0.405035,0
-0.705444,-0.378614,0
-0.303806,0.178050,0
-0.033491,0.277269,0
-0.934997,-0.042204,0
-0.236188,0.142181,0
-0.546825,-0.698557,0
-0.181203,0.645109,0
-0.295984,-0.287042,0
-0.901849,0.282255,0
-0.055444,0.197297,0
0.220666,0.048025,0
0.388350,-0.377074,0
-0.433822,-0.858952,0
0.502907,0.364808,0
-0.920226,0.158698,0
-0.225498,-0.911675,0
0.406979,-0.817538,0
-0.763730,0.238154,0
0.629830,-0.152688,0
-0.249605,-0.338670,0
-0.313152,-0.256779,0
0.018857,0.136545,0
0.367747,0.466650,0
-0.104371,0.266659,0
0.335336,0.754022,0
-0.611750,0.385696,0
-0.776740,0.060619,0
-0.697304,-0.658610,0
-0.906288,-0.369651,0
-0.819013,-0.198033,0
0.293755,-0.587118,0
0.018257,-0.575905,0
0.403113,-0.271109,0
-0.840721,0.245332,0
-0.167217,0.264648,0
0.056021,-0.505828,0
-0.907129,-0.210039,0
-0.336006,-0.420832,0
0.081573,0.165366,0
-0.397416,-0.911625,0
0.628324,0.311784,0
0.007834,-0.550399,0
0.631301,-0.135862,0
0.176212,0.812373,0
0.711656,-0.156673,0
-0.320299,0.037534,0
-0.932831,-0.125800,0
-0.262940,0.630763,0
0.557038,-0.373776,0
0.696348,0.045825,0
-0.362619,-0.038826,0
0.148911,-0.880810,0
-0.592281,0.546080,0
-0.215318,-0.278636,0
0.125513,0.247480,0
-0.410545,-0.826712,0
-0.564991,0.491717,0
-0.304072,-0.839369,0
-0.614931,0.372639,0
0.207141,0.232578,0
-0.088432,-0.967047,0
-0.848946,0.205649,0
-0.771018,0.332461,0
-0.890076,-0.204364,0
-0.927246,-0.281450,0
0.097456,-0.124508,0
-0.454583,-0.297245,0
0.494309,0.437788,0
-0.869455,-0.189861,0
-0.728715,0.460408,0
-0.970838,-0.086450,0
-0.021566,0.809033,0
0.525487,0.462454,0
0.571695,0.458438,0
-0.309682,0.138192,0
-0.023595,-0.918936,0
-0.073806,0.177631,0
-0.361816,-0.009437,0
0.506341,-0.434303,0
-0.317802,0.083677,0
-0.591321,0.421117,0
-0.258818,-0.477507,0
0.481403,0.274320,0
-0.283504,-0.466503,0
0.137810,-0.578799,0
-0.264214,-0.148966,0
0.361512,0.490213,0
0.657103,-0.014667,0
0.079075,-0.593925,0
-0.856152,-0.002038,0
0.173033,-0.383484,0
0.651887,0.137999,0
-0.129700,0.828962,0
-0.047502,0.252475,0
0.543996,-0.339218,0
-0.599124,0.616482,0
-0.396675,-0.818321,0
-0.272307,-0.363110,0
0.245555,-0.559198,0
-0.165632,0.853561,0
-0.407926,0.615302,0
-0.142405,-0.987280,0
0.198132,0.580296,0
-0.359338,-0.232113,0
-0.392323,-0.856786,0
0.544730,0.249538,0
-0.361000,0.621835,0
-0.689426,0.521241,0
-0.302740,-0.912879,0
-0.723779,0.575451,0
0.327859,0.498506,0
-0.881430,0.032884,0
-0.282269,-0.478878,0
-0.440702,-0.783442,0
-0.009660,0.756906,0
0.740763,0.016459,0
0.441830,0.521331,0
-0.033721,-0.509767,0
0.692892,0.070002,0
-0.685182,0.368138,0
-0.473504,-0.685416,0
0.152675,0.769864,0
0.715392,-0.642818,0
0.080085,-0.136332,0
0.115663,-0.618565,0
-0.390938,0.600972,0
-0.496920,0.600891,0
-0.191090,0.717276,0
-0.427282,0.674114,0
-0.353867,-0.196921,0
0.463075,-0.315533,0
0.685122,-0.174949,0
0.499361,0.318808,0
-0.849648,0.009901,0
0.649015,0.234050,0
-0.859007,-0.010319,0
0.093530,-0.601874,0
0.540339,0.554106,0
-0.335254,-0.801002,0
0.189006,-0.949882,0
0.799484,-0.588070,0
-0.143761,-0.899073,0
0.108465,-0.545193,0
-0.818402,-0.161920,0
-0.586818,0.512488,0
-0.497305,-0.087682,0
0.368299,-0.851091,0
0.241925,-0.926538,0
0.182353,0.837106,0
-0.061095,0.815639,0
0.281233,-0.426507,0
-0.035063,0.292866,0
0.415759,0.448491,0
-0.302544,0.107083,0
0.280182,0.701782,0
0.125283,0.625543,0
0.811048,-0.544243,0
-0.260247,-0.142377,0
0.194586,-0.618172,0
-0.362220,0.682493,0
0.714525,-0.159545,0
0.527741,-0.165800,0
0.465337,-0.849977,0
-0.288673,0.175122,0
0.395542,-0.867494,0
0.546955,-0.325330,0
-0.649693,0.347705,0
0.743978,0.038690,0
0.738425,0.178126,0
0.067470,0.336820,0
-0.421431,0.585146,0
-0.391392,-0.301350,0
-0.820888,-0.148806,0
-0.108609,0.300340,0
-0.398692,-0.184513,0
-0.577947,-0.594960,0
-0.415933,0.000175,0
0.393049,0.515279,0
0.500534,-0.073930,0
-0.572236,-0.778168,0
0.079916,-0.945311,0
0.394771,-0.261067,0
0.182058,-0.529013,0
0.037202,-0.886914,0
0.445067,-0.181425,0
-0.150802,-0.512112,0
0.085318,0.041483,0
-0.323479,0.671090,0
-0.394086,0.026391,0
0.185113,0.788501,0
0.008500,-0.089038,0
0.620720,-0.260206,0
0.511083,-0.446983,0
0.603303,0.502021,0
0.172216,-0.450934,0
0.477463,-0.322535,0
-0.496791,-0.152312,0
-0.276644,-0.359817,0
0.604597,0.124346,0
-0.237376,-0.862933,0
0.597131,0.198582,0
-0.148225,0.245009,0
-0.441320,-0.318177,0
0.084079,0.154695,0
-0.605386,0.691742,0
-0.873675,-0.163376,0
0.431984,0.428241,0
0.433442,0.402651,0
0.501835,0.491082,0
-0.544763,-0.692988,0
-0.029958,0.158438,0
-0.178748,0.777206,0
-0.712302,0.463277,0
0.267340,-0.489417,0
0.251825,0.805347,0
0.008262,-0.948120,0
0.444311,-0.403222,0
-0.376723,-0.173435,0
0.960675,-0.245162,0
-0.755913,0.150316,0
-0.653473,-0.679686,0
-0.623159,-0.620220,0
0.959357,-0.242145,0
0.528367,0.539285,0
-0.253863,-0.395669,0
-0.506235,-0.686823,0
0.706662,0.087340,0
0.575889,0.339634,0
-0.079299,-0.471923,0
-0.143641,0.292177,0
0.537804,0.588019,0
-0.490428,0.745305,0
-0.491956,-0.063082,0
-0.322313,-0.342220,0
0.256982,-0.883720,0
0.534091,-0.792305,0
0.484270,-0.309002,0
-0.332800,-0.882182,0
0.353891,0.560144,0
0.555074,-0.349132,0
-0.389394,0.700979,0
-0.725213,0.257034,0
0.092657,-0.049139,0
-0.349962,0.602932,0
-0.458215,0.006210,0
-0.339436,0.692664,0
0.567889,-0.059178,0
0.593850,0.057809,0
0.181721,0.054566,0
-0.917192,-0.108434,0
-0.713716,-0.361400,0
0.201663,-0.073021,0
0.551514,-0.774488,0
-0.321891,-0.843437,0
0.880338,-0.466910,0
0.154823,0.234584,0
-0.066044,-0.971410,0
-0.832733,0.235703,0
-0.607953,0.540734,0
-0.993622,-0.075601,0
-0.051193,0.355499,0
-0.258571,0.321156,0
0.132896,0.829662,0
0.007162,-0.917578,0
0.620584,-0.240575,0
-0.027055,-0.940887,0
-0.174235,0.186124,0
0.593907,0.115216,0
-0.274721,0.714513,0
0.563191,0.418110,0
-0.502568,0.544449,0
0.045285,-0.938589,0
-0.858628,-0.125530,0
-0.791503,0.417760,0
0.893931,-0.419390,0
0.070503,-0.887710,0
0.647321,0.167257,0
0.386697,0.547234,0
-0.645792,0.666297,0
0.778285,-0.572078,0
0.047130,0.841296,0
-0.393616,-0.205100,0
-0.394367,0.058945,0
0.085706,-0.504633,0
0.883338,-0.436709,0
-0.097783,0.381364,0
-0.597883,0.592905,0
0.599895,-0.176424,0
-0.608291,0.462582,0
-0.906480,-0.330595,0
-0.863840,0.329819,0
-0.919013,-0.159420,0
-0.289982,0.117943,0
-0.783817,-0.231584,0
0.281767,-0.395736,0
-0.256092,0.165580,0
-0.639750,0.386937,0
0.752302,0.100211,0
0.433624,-0.393663,0
-0.888602,0.019673,0
-0.179375,-0.384480,0
0.532283,0.199186,0
-0.149415,0.713215,0
0.631593,-0.243084,0
-0.309218,0.111283,0
-0.017750,-0.425071,0
-0.071575,-0.597392,0
0.724689,-0.088461,0
-0.900314,-0.208410,0
-0.228580,0.341689,0
-0.769813,0.174321,0
0.073185,0.345896,0
0.579292,0.020505,0
-0.312086,-0.183309,0
0.419426,-0.857369,0
-0.335968,-0.798828,0
0.559855,-0.813979,0
-0.493249,-0.710426,0
0.522266,0.450820,0
0.667161,0.264378,0
0.434545,-0.505144,0
-0.450796,-0.787263,0
-0.730213,-0.571655,0
-0.669693,-0.624108,0
0.496070,-0.256739,0
0.102427,-0.395612,0
0.550476,-0.089312,0
-0.832370,0.337877,0
-0.662206,0.410467,0
-0.273517,-0.237041,0
-0.487366,-0.668935,0
0.025100,-0.489255,0
0.075581,0.110849,0
0.473192,-0.363441,0
-0.109418,-0.451694,0
0.133158,-0.547968,0
-0.722396,-0.612490,0
-0.895889,-0.276375,0
-0.092997,0.751899,0
-0.502735,-0.127507,0
-0.790818,0.415460,0
0.036219,-0.960046,0
-0.034061,0.636270,0
-0.434970,0.527068,0
0.201112,0.706791,0
0.069894,-0.590859,0
0.357243,0.656793,0
0.562897,0.184790,0
0.617714,0.217782,0
-0.109458,0.762902,0
-0.174371,0.832223,0
-0.579681,-0.755626,0
-0.574595,0.409683,0
-0.320125,0.136089,0
-0.859298,-0.143551,0
-0.868354,-0.232295,0
-0.373172,0.183691,0
0.244847,0.622133,0
-0.607778,0.645450,0
0.193500,0.224850,0
-0.391871,0.111521,0
-0.807014,0.206707,0
0.482745,-0.089205,0
-0.310778,-0.836909,0
-0.868418,-0.121859,0
-0.379679,-0.309586,0
0.164269,0.202523,0
-0.140872,-0.533062,0
0.002735,0.279271,0
-0.872032,-0.304236,0
-0.129790,0.808798,0
0.276350,0.729816,0
-0.483066,-0.689672,0
-0.720912,0.456383,0
0.292408,-0.429532,0
-0.311663,-0.069757,0
0.009916,-0.506855,0
0.441530,0.572758,0
0.141058,0.717706,0
-0.435589,0.072543,0
0.116885,0.085662,0
0.686162,-0.648985,0
0.443733,0.486930,0
-0.169839,0.318048,0
0.324126,-0.434675,0
-0.617640,0.644609,0
0.415927,0.552272,0
0.910316,-0.345434,0
0.348992,-0.348144,0
0.367484,0.558530,0
0.310469,0.650084,0
0.120803,0.701004,0
0.462315,-0.332061,0
0.022300,0.253974,0
0.413475,0.378204,0
0.160039,0.741207,0
0.231108,-0.357196,0
-0.265344,0.326485,0
0.248654,-0.870730,0
-0.395681,0.196053,0
-0.236358,0.615739,0
-0.278144,-0.025216,0
0.249812,0.120806,0
-0.145252,-0.560269,0
-0.356809,-0.103380,0
-0.919446,-0.051185,0
0.376490,-0.295390,0
-0.243436,-0.961113,0
-0.728885,-0.549297,0
0.126984,0.029580,0
0.275771,-0.906063,0
-0.705595,-0.593411,0
0.146325,-0.548260,0
0.586792,0.112586,0
-0.178829,0.829470,0
-0.270848,0.758051,0
0.594777,-0.742455,0
-0.157747,0.134595,0
-0.921064,0.132821,0
0.330978,-0.857586,0
-0.354255,0.050032,0
-0.291419,-0.109887,0
0.337735,0.631613,0
-0.042822,0.710751,0
0.215874,0.048975,0
0.088637,0.693645,0
0.476412,0.572741,0
-0.399146,0.188899,0
0.030607,-0.130626,0
0.536008,0.163388,0
0.424773,-0.339953,0
-0.255812,-0.906400,0
0.054365,-0.465880,0
-0.356818,-0.183523,0
-0.171274,0.143754,0
0.401254,-0.506947,0
-0.731239,-0.579041,0
0.362220,-0.424024,0
-0.758251,-0.355042,0
0.294966,0.504971,0
0.439592,0.621899,0
-0.365232,-0.172064,0
0.521738,0.175470,0
-0.519849,0.748837,0
-0.258419,0.815610,0
-0.333482,-0.358873,0
-0.935953,0.197466,0
-0.702210,0.225614,0
0.009839,0.698501,0
0.558847,0.060742,0
0.229292,0.807109,0
0.176352,-0.432319,0
-0.117195,-0.959305,0
-0.389050,0.781435,0
-0.877408,-0.219443,0
0.128138,-0.050800,0
0.593780,0.255783,0
-0.585585,0.548717,0
0.169686,-0.433828,0
0.369715,0.564190,0
-0.093027,0.278112,0
0.577626,-0.801466,0
0.186335,-0.079242,0
-0.125318,0.270731,0
0.031699,0.645752,0
0.622053,0.238851,0
-0.447535,-0.883013,0
0.177885,-0.516098,0
0.565588,-0.064113,0
-0.507975,-0.705664,0
-0.282792,-0.417167,0
-0.232560,0.812352,0
-0.719553,-0.340944,0
-0.809698,-0.404215,0
-0.104398,-0.938670,0
0.342536,0.658536,0
0.294240,-0.406722,0
0.166666,-0.417400,0
0.208842,0.592777,0
0.698043,-0.061128,0
0.223789,-0.457076,0
0.109798,0.692780,0
-0.813832,0.491606,0
-0.424973,-0.106760,0
-0.067512,-0.600368,0
0.450707,-0.873992,0
0.156954,-0.111201,0
-0.834879,-0.414702,0
0.096857,-0.900344,0
-0.841294,-0.462843,0
-0.092809,0.285283,0
0.114587,-0.927831,0
0.265118,0.772472,0
0.245440,0.605606,0
0.071396,0.732736,0
0.608661,0.080822,0
-0.661969,0.304626,0
-0.874802,-0.395881,0
0.331326,0.700873,0
-0.566044,0.583605,0
0.054828,0.178868,0
0.255938,0.022263,0
-0.826121,0.174710,0
-0.862906,0.376022,0
0.187327,-0.370011,0
0.718100,0.226567,0
-0.057744,0.818331,0
-0.514271,-0.772998,0
-0.554220,-0.803020,0
-0.889013,-0.201633,0
0.210726,-0.438856,0
-0.113253,0.371717,0
-0.224341,-0.923943,0
0.708072,-0.684569,0
0.093213,-0.477819,0
0.274949,0.690944,0
-0.028627,0.854506,0
0.387780,0.713882,0
0.545153,0.602336,0
0.602094,-0.111728,0
0.595675,-0.745769,0
-0.933033,0.038066,0
-0.799132,0.193359,0
-0.022991,-0.532420,0
-0.731350,0.511984,0
-0.016038,-0.489635,0
0.746068,-0.019544,0
0.065292,-0.898742,0
0.338676,0.712249,0
0.469336,0.527943,0
-0.750880,0.356622,0
-0.210573,0.238031,0
-0.863224,0.117664,0
-0.541054,-0.807627,0
0.586012,-0.024281,0
-0.291485,0.621318,0
-0.359497,0.236140,0
-0.368962,0.194595,0
0.555949,0.157864,0
-0.902406,-0.051608,0
-0.309879,-0.458230,0
0.337398,0.676138,0
0.656651,-0.718198,0
-0.242669,-0.506075,0
0.636228,0.114951,0
-0.202182,0.310036,0
-0.302419,-0.222582,0
0.085623,-0.536348,0
-0.032421,-0.419463,0
0.282977,-0.590698,0
0.472656,0.567976,0
-0.206569,-0.370580,0
-0.711879,-0.356690,0
0.282436,0.659719,0
0.642378,0.375966,0
-0.411526,-0.040575,0
-0.060778,-0.464011,0
-0.785657,0.533614,0
-0.606857,0.389518,0
0.289075,-0.899687,0
0.390896,0.558749,0
-0.362313,0.225232,0
-0.829653,0.196660,0
0.092850,0.066173,0
0.099558,0.009391,0
-0.174839,-0.895227,0
0.131125,-0.501803,0
-0.758916,0.356435,0
0.505956,-0.002854,0
0.616343,-0.192669,0
-0.991169,-0.132608,0
0.664855,0.044353,0
0.517820,0.133649,0
-0.109483,0.646540,0
0.570284,0.431018,0
0.113474,0.800077,0
-0.275817,0.207183,0
-0.004141,0.350689,0
-0.448271,0.521587,0
-0.038217,-0.906940,0
-0.202326,-0.967504,0
-0.399534,-0.844614,0
0.669217,0.012212,0
0.792232,-0.590227,0
0.554861,-0.232658,0
-0.405208,-0.093843,0
-0.089868,0.333052,0
-0.323927,0.167544,0
-0.581282,0.446218,0
0.011972,-0.082805,0
0.693287,0.174221,0
-0.253991,-0.224697,0
0.510301,-0.422603,0
0.600108,-0.240563,0
0.651245,0.062289,0
0.156698,-0.928141,0
-0.101168,-0.969415,0
-0.393442,-0.090574,0
0.182496,-0.098464,0
-0.840005,0.058236,0
-0.436200,-0.282363,0
-0.269845,0.642016,0
0.367407,0.534801,0
-0.130481,0.187015,0
-0.462873,0.082152,0
-0.293120,-0.879819,0
0.415035,0.388260,0
0.326152,-0.869267,0
-0.732840,-0.541245,0
-0.863570,-0.291971,0
0.562129,-0.308238,0
-0.446486,0.081551,0
-0.817699,-0.066091,0
-0.327191,0.054277,0
0.262303,0.573757,0
0.153486,-0.086268,0
0.205785,-0.876728,0
-0.716960,0.404931,0
-0.868394,-0.269986,0
-0.038067,0.365446,0
0.181509,-0.392498,0
-0.024952,0.182695,0
-0.832711,-0.244117,0
0.484473,0.474643,0
0.095209,0.724524,0
-0.686656,-0.723536,0
0.507217,-0.061083,0
0.023552,-0.049450,0
-0.204627,0.298543,0
0.797871,-0.555340,0
-0.775225,0.281115,0
-0.462176,0.755244,0
0.121270,0.700210,0
0.330791,0.559086,0
0.527396,-0.361736,0
-0.082842,0.202823,0
-0.637331,0.599841,0
0.637791,0.360863,0
0.009608,-0.421791,0
0.595530,-0.377286,0
0.660724,0.265413,0
-0.968839,-0.115543,0
0.921803,-0.358161,0
0.602222,-0.123807,0
-0.422003,-0.804309,0
-0.240723,-0.901139,0
-0.297705,0.159286,0
0.390218,0.575091,0
-0.600161,0.445877,0
-0.915528,0.163734,0
-0.629300,0.406179,0
0.119313,-0.944862,0
0.613923,-0.205180,0
-0.299416,0.781889,0
0.644350,-0.042574,0
-0.776560,-0.623662,0
0.030002,0.692892,0
0.637080,-0.259092,0
-0.209896,-0.844952,0
-0.003708,-0.977234,0
-0.331951,0.608119,0
-0.054233,0.795650,0
-0.183207,-0.470569,0
0.219159,-0.054494,0
0.171492,0.654668,0
0.091418,-0.087422,0
0.208749,-0.568704,0
-0.775601,-0.287129,0
0.467966,-0.853234,0
0.091019,-0.987277,0
-0.286348,0.044774,0
0.341657,-0.417458,0
0.039722,0.713738,0
0.279463,-0.520481,0
-0.574102,-0.726227,0
-0.414708,-0.303344,0
-0.833516,-0.047441,0
0.350503,0.657380,0
-0.585254,0.716573,0
0.466651,0.654398,0
-0.456069,-0.000895,0
-0.462522,-0.045536,0
0.583860,-0.345120,0
-0.040132,-0.918362,0
-0.532671,-0.642854,0
-0.313463,-0.258343,0
-0.383245,0.241087,0
0.686489,-0.204288,0
-0.323870,0.064095,0
0.661659,0.305298,0
-0.733659,0.183696,0
-0.809813,-0.197997,0
-0.505376,-0.651610,0
-0.413115,0.131666,0
0.352682,0.719455,0
-0.081107,0.697439,0
-0.993886,-0.034496,0
-0.118143,0.343573,0
-0.892148,-0.319487,0
-0.614049,-0.608230,0
-0.679764,-0.597429,0
-0.036060,0.834685,0
-0.859220,-0.409562,0
0.165772,-0.621707,0
-0.247279,0.204580,0
0.011797,-0.973581,0
-0.941319,0.148046,0
0.730612,0.200516,0
-0.397503,0.787395,0
-0.039729,-0.435226,0
0.656691,-0.191723,0
0.388052,-0.374721,0
-0.572300,-0.814539,0
0.011949,-0.113390,0
0.620378,-0.288325,0
0.480225,0.421170,0
-0.307865,0.657434,0
0.205780,-0.616161,0
0.528756,0.341199,0
0.021086,-0.950029,0
-0.242739,0.170522,0
-0.825651,0.065578,0
-0.361361,0.086131,0
0.041748,-0.511133,0
-0.443130,-0.840021,0
-0.562321,-0.678082,0
-0.516885,0.542060,0
0.624228,-0.203322,0
0.566499,0.314768,0
-0.532731,-0.717773,0
0.088878,-0.402617,0
-0.495249,0.695506,0
0.201812,-0.576430,0
0.447081,-0.249236,0
-0.383453,0.692072,0
0.431202,-0.232518,0
0.413639,0.468938,0
-0.920670,-0.111203,0
-0.220121,0.646952,0
0.359338,-0.388427,0
-0.204552,0.301924,0
-0.804809,0.329063,0
-0.673920,-0.613052,0
-0.080305,-0.457768,0
0.207298,0.005230,0
0.195285,-0.498863,0
-0.317588,0.033729,0
-0.763588,0.209604,0
0.506626,-0.036466,0
-0.737963,-0.336765,0
-0.108587,-0.890061,0
0.114369,-0.977200,0
-0.334011,-0.190884,0
-0.993000,-0.030844,0
0.432020,-0.377304,0
0.162294,-0.607997,0
-0.912772,-0.088589,0
-0.279668,0.854860,0
-0.669364,-0.718994,0
0.485621,-0.205358,0
-0.243575,-0.816499,0
0.710081,-0.093729,0
0.545612,-0.303821,0
-0.129317,0.736395,0
0.171979,-0.020569,0
-0.819880,0.347557,0
-0.752396,0.470001,0
0.397606,-0.374045,0
-0.480586,-0.820998,0
-0.019479,-0.438886,0
0.423654,0.698940,0
-0.411774,-0.826706,0
-0.725696,-0.522843,0
0.419029,-0.215440,0
0.937481,-0.301877,0
0.629585,0.455657,0
-0.913464,0.024149,0
-0.283172,0.082544,0
0.086471,0.080763,0
-0.907739,0.094922,0
0.530876,-0.379698,0
0.185620,-0.416588,0
0.445212,0.418074,0
-0.470280,-0.258528,0
0.026901,0.816870,0
-0.010749,-0.454846,0
0.537010,0.107799,0
-0.269182,-0.128613,0
-0.317624,-0.223864,0
-0.495242,0.482426,0
-0.256058,0.237559,0
0.364522,-0.270413,0
0.298837,0.533570,0
-0.380535,0.749796,0
-0.938615,0.001290,0
0.683584,-0.026713,0
-0.853065,-0.375873,0
-0.598707,-0.629723,0
0.030918,0.687782,0
-0.862430,-0.192910,0
-0.660560,0.390717,0
-0.259659,0.695397,0
0.089202,0.006557,0
0.166404,-0.922664,0
-0.134133,-0.392439,0
0.014003,0.664683,0
-0.194948,-0.519611,0
-0.115754,0.354402,0
-0.800063,0.351994,0
-0.167505,0.802460,0
-0.438611,-0.725686,0
-0.092864,-0.522854,0
-0.305605,0.233678,0
0.156761,0.297365,0
0.594529,0.503523,0
-0.177885,-0.471547,0
0.226017,-0.586444,0
0.404258,-0.535327,0
0.558560,-0.054870,0
-0.817011,-0.080577,0
-0.281938,-0.116236,0
-0.343307,-0.011850,0
-0.415236,-0.274917,0
0.127373,0.843075,0
0.502083,0.379358,0
-0.026197,0.239403,0
-0.797790,-0.039128,0
0.035857,0.254390,0
0.598724,-0.354302,0
-0.318774,0.818158,0
0.163725,-0.414963,0
-0.283693,0.059313,0
-0.413954,-0.269523,0
-0.035319,0.180977,0
-0.913271,0.099677,0
0.398771,-0.262643,0
0.009278,-0.978731,0
0.420198,-0.312144,0
-0.390422,-0.362726,0
-0.723245,-0.476358,0
-0.707901,0.385845,0
-0.172557,0.164997,0
-0.156415,0.139765,0
-0.377542,0.562550,0
0.451627,0.407472,0
-0.228275,-0.304780,0
-0.396016,-0.202908,0
-0.937961,0.078928,0
-0.170825,0.777058,0
-0.265584,-0.162681,0
0.064525,-0.392220,0
-0.375344,-0.155296,0
0.479306,0.417452,0
0.132528,0.058620,0
0.167679,0.053702,0
-0.720686,-0.507555,0
0.270079,0.579705,0
-0.303915,0.659269,0
0.498267,-0.399663,0
0.740508,-0.060395,0
0.634876,0.130125,0
0.181067,-0.090635,0
0.891892,-0.442186,0
0.162387,-0.081427,0
0.588745,0.096848,0
-0.760069,0.017198,0
0.394166,0.663048,0
0.662472,0.176439,0
-0.093451,0.315066,0
0.367402,0.676030,0
-0.643255,0.410151,0
0.392724,0.419247,0
-0.003732,0.640302,0
0.596016,-0.798602,0
0.041656,0.263182,0
0.296760,-0.323934,0
0.576649,0.263582,0
-0.687673,0.453988,0
0.279109,-0.545984,0
-0.438686,0.067487,0
0.753103,-0.611421,0
-0.736134,0.200265,0
-0.124471,0.708172,0
-0.713605,0.519392,0
-0.679049,0.520473,0
-0.850201,-0.236977,0
-0.075884,0.877634,0
-0.691181,0.374524,0
-0.108208,0.769604,0
0.121088,0.135417,0
0.139142,0.760026,0
-0.358197,0.051912,0
-0.869200,0.235566,0
-0.467751,0.723332,0
-0.352835,0.591192,0
0.443499,0.639772,0
-0.554908,-0.782353,0
-0.931474,-0.018892,0
0.446653,-0.290691,0
-0.484208,-0.139795,0
-0.719139,-0.694146,0
0.588434,0.121433,0
0.566246,0.066070,0
0.173472,-0.589837,0
-0.098353,-0.866214,0
0.623896,0.068945,0
-0.879801,0.209644,0
-0.736503,-0.259930,0
-0.258033,0.727612,0
-0.598859,0.645266,0
-0.426235,-0.871966,0
-0.353099,0.602761,0
-0.104545,0.184581,0
0.603117,-0.759111,0
0.669496,0.413249,0
-0.077691,0.144790,0
0.694459,-0.680240,0
-0.700650,0.255126,0
0.111482,-0.474944,0
0.494104,-0.346210,0
-0.022956,0.308987,0
-0.756654,0.132190,0
-0.896298,0.365581,0
0.044223,-0.456119,0
0.433196,-0.817521,0
-0.065345,-0.480344,0
0.692662,-0.119248,0
-0.234099,-0.268696,0
-0.761021,0.154423,0
-0.950252,-0.184448,0
0.603472,0.042686,0
0.462305,-0.844556,0
0.272208,-0.364558,0
-0.505166,0.547547,0
-0.310384,-0.453500,0
-0.233321,0.309130,0
-0.275415,0.779196,0
-0.348385,-0.304348,0
0.660251,0.230366,0
-0.466649,-0.123445,0
-0.548932,0.472941,0
-0.839038,-0.506966,0
-0.199203,-0.844582,0
-0.726840,0.543787,0
0.711235,0.316458,0
0.099755,-0.483786,0
-0.018240,-0.990791,0
-0.642771,-0.621165,0
-0.868249,-0.342261,0
0.122374,0.176138,0
-0.783396,0.425783,0
-0.271766,0.245241,0
-0.339152,0.642632,0
0.665444,0.239133,0
-0.076336,0.325842,0
0.723030,-0.615002,0
-0.255709,0.235824,0
-0.952372,0.031437,0
-0.123453,0.277055,0
0.822366,-0.541030,0
-0.321143,-0.942267,0
-0.879181,0.077718,0
-0.800142,0.042109,0
-0.416949,0.717742,0
0.230766,-0.879060,0
-0.473028,-0.195563,0
-0.012009,-0.570838,0
-0.652850,0.580334,0
0.194030,-0.515124,0
0.400472,-0.321904,0
-0.271444,0.281635,0
-0.196109,0.800338,0
-0.089580,0.723861,0
-0.921747,-0.376008,0
0.229351,-0.875442,0
0.194286,0.131350,0
0.394531,-0.859852,0
0.652812,-0.691258,0
-0.616021,-0.636018,0
0.161761,0.748888,0
-0.812530,0.181093,0
0.067950,-0.976413,0
-0.822138,0.155209,0
0.220219,-0.953155,0
-0.571390,-0.702505,0
-0.619430,0.686518,0
0.547897,0.053001,0
0.968101,-0.211616,0
-0.196385,-0.472687,0
0.552377,0.510764,0
-0.480588,0.063521,0
0.589742,-0.281433,0
-0.131964,0.661502,0
0.476021,-0.437497,0
0.566300,0.190538,0
0.238488,0.011119,0
0.759023,-0.617968,0
-0.312168,-0.934639,0
-0.234251,-0.223889,0
0.541258,0.170409,0
0.127852,-0.494625,0
-0.701379,-0.359260,0
-0.878155,0.125869,0
-0.991789,-0.101759,0
0.047325,0.211566,0
-0.372235,-0.794003,0
-0.426220,-0.735756,0
-0.168359,-0.362843,0
-0.799979,0.055077,0
-0.184653,-0.524312,0
-0.650056,0.580884,0
-0.580020,0.649289,0
0.476885,0.385461,0
-0.176469,-0.507798,0
0.334633,0.473308,0
0.229425,-0.381267,0
-0.259520,0.204081,0
-0.696612,0.527002,0
-0.156371,-0.906393,0
-0.940564,0.203319,0
0.602005,0.227133,0
-0.084897,0.723044,0
0.346664,-0.567295,0
0.212437,0.709134,0
-0.243238,0.737452,0
0.472799,-0.307346,0
0.162709,0.156607,0
0.011580,0.129869,0
-0.074124,-0.494475,0
0.234430,0.114203,0
-0.628813,-0.637647,0
-0.798691,-0.366187,0
-0.596469,-0.604338,0
-0.695718,0.350680,0
-0.774710,-0.186614,0
-0.334845,0.746913,0
-0.151529,0.284674,0
0.039523,0.831527,0
-0.784921,-0.412188,0
-0.447379,-0.178471,0
-0.842483,0.064977,0
0.047579,0.660103,0
0.586023,0.180492,0
0.734818,0.137995,0
-0.434122,-0.206247,0
-0.377546,0.685900,0
-0.143603,-0.912348,0
0.394340,-0.288957,0
-0.088291,-0.605974,0
0.233189,-0.876711,0
-0.751331,0.362631,0
-0.832174,0.374815,0
-0.789259,0.071200,0
-0.439513,-0.278977,0
0.218214,0.127995,0
-0.369759,-0.016676,0
0.436259,0.702622,0
-0.584938,0.429940,0
-0.870037,0.006009,0
-0.696550,0.329876,0
-0.739814,0.381675,0
-0.776787,-0.220458,0
-0.633797,0.377228,0
-0.638040,-0.654908,0
0.641365,-0.087467,0
0.485812,-0.393684,0
0.021151,-0.977524,0
-0.803089,-0.461572,0
0.652855,-0.749520,0
-0.887018,0.349569,0
-0.282143,0.788286,0
-0.691326,0.367517,0
-0.454713,-0.056883,0
0.093023,0.018620,0
-0.549117,0.693160,0
0.164422,0.644954,0
0.608172,0.046113,0
-0.537617,-0.784836,0
0.071629,0.746906,0
0.254102,0.585177,0
-0.557232,0.431848,0
-0.757108,-0.409619,0
0.450680,0.475276,0
0.110496,-0.952256,0
-0.712242,-0.683162,0
0.686400,-0.216459,0
-0.482938,-0.147551,0
0.324032,-0.343516,0
-0.957121,-0.137547,0
0.126346,0.006062,0
0.698042,-0.703375,0
0.452028,0.655492,0
-0.805449,0.408965,0
0.431604,-0.522224,0
-0.026318,0.824201,0
-0.452078,-0.081398,0
0.000000,0.000000,0
0.130871,0.192023,0
0.154716,0.268445,0
0.293376,-0.885399,0
0.195804,0.208951,0
-0.736510,-0.499553,0
-0.669665,0.287313,0
0.059117,0.233463,0
0.669873,0.185121,0
0.220709,0.101427,0
-0.901736,0.029539,0
-0.373161,0.180971,0
-0.090045,-0.580424,0
0.322300,-0.919849,0
-0.845606,-0.424206,0
0.560376,-0.234476,0
0.417385,0.474120,0
-0.586092,0.713790,0
0.746548,0.040827,0
-0.745819,0.386981,0
0.024015,0.760541,0
0.814907,-0.562963,0
0.608586,-0.771766,0
-0.339462,0.730593,0
-0.794549,-0.322013,0
-0.744146,0.158891,0
-0.793169,0.062315,0
0.445122,-0.469965,0
-0.105429,0.357610,0
-0.387449,-0.094253,0
0.646037,-0.040456,0
0.080013,-0.533477,0
0.294529,0.706578,0
0.052914,0.100996,0
0.223193,-0.422119,0
0.537364,-0.297052,0
-0.251746,-0.320349,0
-0.238937,-0.876304,0
-0.444401,0.726986,0
-0.196917,0.778604,0
0.189953,0.800573,0
-0.357967,0.069711,0
-0.338543,0.635129,0
-0.424706,-0.325000,0
0.076147,-0.407678,0
-0.656719,0.644764,0
0.448366,-0.175977,0
-0.564969,0.447001,0
-0.462601,-0.751000,0
-0.500328,0.607184,0
-0.051915,0.811976,0
0.966751,-0.255720,0
-0.135174,-0.318948,0
-0.460948,0.641504,0
0.536243,0.396792,0
-0.667387,-0.531596,0
0.142214,-0.061442,0
-0.611332,0.589299,0
0.303220,0.704314,0
-0.766377,0.265832,0
-0.757604,-0.173310,0
0.141350,-0.534809,0
0.800203,-0.530730,0
-0.391365,0.719607,0
-0.177898,-0.513179,0
0.106931,-0.092552,0
-0.378058,-0.071217,0
0.488361,-0.253976,0
-0.674315,-0.713652,0
-0.479111,0.066729,0
-0.884146,-0.193095,0
0.657827,0.072550,0
0.214476,-0.614817,0
-0.017913,-0.422705,0
0.507398,0.546395,0
-0.042950,0.253289,0
-0.156692,0.811448,0
-0.380838,-0.227953,0
-0.144149,-0.517901,0
-0.938020,-0.033432,0
-0.763167,0.237858,0
-0.611920,-0.705375,0
0.270917,0.752731,0
-0.768117,0.228027,0
-0.214969,0.296291,0
-0.333523,0.687577,0
0.703978,0.231118,0
-0.051891,0.875390,0
-0.077736,-0.902750,0
-0.814438,-0.314151,0
0.082355,-0.101083,0
-0.020957,0.834003,0
-0.740465,-0.343091,0
0.512750,0.602567,0
0.647440,0.061820,0
0.001920,0.225824,0
-0.017720,0.337174,0
0.594960,-0.750348,0
-0.743538,0.333394,0
0.615463,-0.046965,0
-0.190349,0.738761,0
-0.435587,0.645185,0
-0.538458,-0.838489,0
0.188480,-0.073994,0
0.350897,0.747577,0
0.741479,0.145635,0
-0.063597,0.308148,0
0.590937,-0.052853,0
0.321677,0.706062,0
0.016268,-0.075732,0
0.626444,0.023844,0
-0.261490,0.147048,0
-0.338370,-0.324817,0
-0.410969,0.649696,0
0.060462,0.085699,0
0.033885,-0.485646,0
0.095242,-0.118021,0
0.520385,-0.448552,0
0.105981,0.304578,0
-0.258254,0.310330,0
0.829762,-0.549085,0
0.536568,-0.138184,0
0.667106,0.350671,0
0.525474,0.455935,0
0.978187,-0.145430,0
0.531206,0.599850,0
-0.586819,0.397044,0
-0.844684,0.116230,0
-0.675208,0.340725,0
-0.478393,-0.830746,0
0.183666,-0.468260,0
-0.332365,0.183121,0
0.068847,-0.994113,0
0.644767,-0.721301,0
0.786673,-0.591732,0
-0.805526,0.223893,0
-0.096667,-0.343009,0
-0.871356,-0.075749,0
0.736527,0.180353,0
0.012487,-0.483574,0
-0.404302,-0.107425,0
-0.468513,-0.693899,0
-0.502304,0.509599,0
0.399285,-0.453400,0
0.150485,0.770944,0
-0.085113,0.731270,0
-0.127533,0.172440,0
-0.036107,0.376426,0
0.464834,0.296530,0
0.624841,0.081075,0
-0.302895,0.743811,0
-0.929980,-0.217110,0
0.935658,-0.321783,0
0.226207,0.140820,0
-0.307688,0.809523,0
-0.142707,0.831646,0
-0.391702,0.166041,0
-0.530930,0.480743,0
-0.194278,0.349651,0
-0.205448,-0.849583,0
-0.839468,-0.359573,0
-0.404581,0.630329,0
0.240782,-0.556798,0
-0.085989,-0.345841,0
0.002299,0.371476,0
-0.029166,0.232700,0
-0.619383,-0.556205,0
-0.329686,-0.641332,1
-0.603278,0.303406,1
0.450512,-0.512873,1
-0.744863,-0.170817,1
-0.047963,0.434396,1
-0.449212,-0.517888,1
-0.040540,-0.241571,1
0.813501,0.014688,1
-0.210747,0.615293,1
0.133141,-0.793898,1
0.329215,0.776284,1
0.657574,0.524020,1
0.223807,0.938568,1
-0.674188,0.685908,1
0.388012,0.861653,1
0.414856,-0.789237,1
0.392634,0.881384,1
-0.135759,-0.304252,1
0.650793,0.606192,1
-0.540921,-0.201009,1
0.750523,-0.052107,1
0.115379,0.366998,1
-0.483990,-0.360214,1
-0.265706,0.515170,1
-0.041905,0.900136,1
0.079422,-0.302807,1
-0.050013,-0.086595,1
-0.587796,-0.067055,1
0.420014,-0.794725,1
-0.416056,0.218854,1
-0.674792,0.204096,1
0.494984,0.137808,1
-0.106000,0.978654,1
0.519512,-0.476558,1
0.950688,0.013879,1
-0.526083,-0.056890,1
0.784658,-0.072887,1
0.237989,0.210622,1
-0.873186,0.418982,1
0.633817,-0.488135,1
-0.013769,0.429896,1
-0.316232,-0.764851,1
0.287011,-0.024990,1
0.739126,-0.186261,1
-0.368366,0.416301,1
0.267181,0.147019,1
0.990205,-0.067044,1
0.294788,0.947154,1
-0.286831,-0.658580,1
0.583666,0.779957,1
0.681514,0.478058,1
-0.070642,-0.003109,1
0.743923,-0.276727,1
-0.688235,-0.342539,1
0.292924,-0.279635,1
0.857305,0.032056,1
0.626402,0.749413,1
-0.041329,0.396600,1
-0.188336,0.574047,1
-0.078912,-0.814723,1
-0.419383,0.396381,1
0.882795,-0.244282,1
0.804300,0.575414,1
-0.095837,-0.656365,1
0.128669,-0.788951,1
0.255645,-0.252281,1
0.908098,0.312023,1
-0.594616,0.759231,1
-0.426003,-0.398148,1
0.367868,0.808501,1
0.321955,0.159201,1
-0.416752,-0.423459,1
0.328045,0.096884,1
0.843519,0.408014,1
0.977677,0.012153,1
-0.485300,0.327848,1
-0.066893,-0.312290,1
0.798608,-0.306962,1
0.057014,0.362973,1
0.750919,0.232638,1
0.869398,-0.167772,1
-0.743409,0.018534,1
0.750733,0.437492,1
0.684672,-0.446345,1
0.528207,0.746992,1
-0.309011,0.347149,1
0.332966,-0.824702,1
-0.006718,-0.677462,1
-0.209666,-0.109729,1
-0.435692,-0.373058,1
-0.346764,-0.633052,1
0.106567,-0.296046,1
0.489190,-0.748127,1
0.418980,0.761220,1
-0.218536,0.596022,1
0.022934,-0.790237,1
0.976432,-0.081125,1
0.050279,-0.239733,1
0.152755,-0.768548,1
0.178148,0.558805,1
-0.118053,-0.681956,1
0.760040,0.096638,1
-0.101926,0.060093,1
0.088484,-0.752443,1
-0.256709,0.462710,1
0.343585,0.232270,1
0.809494,-0.381732,1
-0.093296,-0.145931,1
-0.308540,0.312735,1
-0.026698,-0.668047,1
0.137923,0.404941,1
0.035150,-0.687579,1
-0.203931,-0.156244,1
-0.621363,0.126127,1
-0.474813,0.097735,1
0.259896,0.231201,1
-0.084392,-0.713357,1
-0.389929,0.903302,1
-0.384341,0.469342,1
0.409590,0.015364,1
0.201625,0.926470,1
0.949693,-0.009142,1
-0.219222,-0.030690,1
0.170983,0.490678,1
-0.087127,-0.773569,1
0.331518,0.330297,1
0.960216,0.246952,1
0.078589,0.451468,1
0.198073,-0.234024,1
-0.481706,-0.328572,1
0.301673,-0.264563,1
-0.054040,-0.862601,1
0.616910,0.707405,1
0.941273,0.083695,1
-0.274195,0.463484,1
0.353629,-0.054279,1
-0.059200,0.890222,1
0.846137,0.336232,1
-0.131565,-0.706888,1
-0.023687,0.091864,1
0.296464,-0.836725,1
0.254430,0.485041,1
-0.540524,0.315966,1
0.842994,0.530435,1
0.442273,0.316852,1
0.524174,-0.517920,1
-0.585542,0.217118,1
0.641320,-0.660840,1
-0.632608,-0.460225,1
-0.147854,-0.799462,1
0.813463,0.265101,1
-0.037446,0.601330,1
0.301284,0.185008,1
-0.210259,-0.794853,1
-0.146650,-0.643812,1
0.062977,-0.809342,1
-0.286061,0.568480,1
0.426226,-0.048289,1
0.911845,0.227020,1
0.184888,0.498815,1
-0.993937,0.071340,1
0.301941,0.311178,1
0.058474,-0.850047,1
0.768591,0.359538,1
-0.501128,0.367248,1
0.479873,0.791658,1
0.458057,0.751121,1
0.615938,0.531620,1
-0.505964,0.000325,1
0.497006,-0.703552,1
-0.193916,-0.210705,1
0.556399,-0.727613,1
0.747215,0.238053,1
-0.104429,0.526398,1
-0.150756,-0.740454,1
-0.208269,-0.040300,1
-0.061993,0.408848,1
-0.049703,-0.107376,1
-0.239141,0.958547,1
0.242090,0.502387,1
-0.386966,0.321337,1
-0.564087,-0.113161,1
0.799616,-0.206433,1
-0.675988,-0.289897,1
0.244821,0.940246,1
-0.742518,0.040825,1
0.156631,-0.848214,1
-0.142431,-0.836489,1
-0.101707,-0.306032,1
-0.431176,-0.432536,1
0.948867,0.060428,1
0.448798,0.222666,1
0.107236,-0.239792,1
-0.121825,-0.712151,1
-0.253104,-0.104587,1
0.183506,0.437408,1
-0.281522,0.350350,1
-0.405538,0.297555,1
0.416974,-0.661916,1
-0.375369,-0.681981,1
-0.195802,-0.778885,1
-0.102004,-0.050944,1
0.474949,-0.631208,1
-0.653125,-0.436381,1
0.249235,0.268108,1
0.479229,0.018428,1
-0.056889,-0.816556,1
0.891319,-0.193780,1
0.859559,-0.374378,1
-0.182669,0.457856,1
0.076717,0.910008,1
-0.707117,-0.304936,1
-0.495205,0.027791,1
-0.302003,0.409627,1
0.564321,-0.525872,1
-0.168491,-0.701150,1
-0.499812,0.167893,1
0.771407,0.626842,1
0.404408,0.330838,1
-0.105086,0.421849,1
0.662808,-0.289284,1
0.548190,-0.581797,1
-0.241875,0.393060,1
0.327419,0.175490,1
0.361003,-0.026009,1
-0.523688,-0.585449,1
0.546732,0.705042,1
0.932403,-0.160078,1
-0.704376,0.133619,1
-0.043918,0.607512,1
-0.582173,0.732854,1
-0.138186,0.528114,1
-0.524052,0.793958,1
-0.328632,-0.665583,1
-0.248576,0.377108,1
-0.136599,-0.805817,1
0.465190,0.709647,1
0.377756,-0.800188,1
0.924828,0.225152,1
0.766143,-0.005003,1
0.367524,-0.154681,1
-0.497405,-0.265684,1
-0.463641,-0.617282,1
-0.275718,-0.619661,1
0.426533,0.032702,1
0.954427,0.262812,1
0.739373,-0.519930,1
0.357350,0.286882,1
0.317240,0.392885,1
-0.396545,0.338751,1
0.217479,0.927202,1
0.237678,0.518179,1
-0.247717,-0.659270,1
-0.547611,-0.484894,1
0.708642,0.507767,1
-0.671355,-0.047782,1
-0.356150,0.844487,1
0.697523,-0.617625,1
0.822254,-0.455959,1
0.724797,0.659294,1
0.716684,-0.375985,1
-0.646805,0.708267,1
0.250688,-0.090309,1
-0.463643,0.857925,1
0.667738,0.685657,1
0.172444,-0.705878,1
0.849066,0.245127,1
0.059489,0.569615,1
-0.565530,0.819864,1
-0.463251,-0.295632,1
0.176556,-0.794876,1
-0.313457,-0.527963,1
-0.514747,-0.063529,1
0.036792,-0.667568,1
-0.451795,0.166976,1
-0.238420,-0.673168,1
-0.063267,-0.657265,1
0.234155,-0.223990,1
-0.501141,0.306361,1
0.476533,0.088975,1
-0.056909,-0.194323,1
0.831639,0.096835,1
0.040238,-0.733744,1
0.933502,0.163013,1
0.080424,-0.327921,1
0.254705,0.506088,1
0.793262,-0.500735,1
0.975844,0.041568,1
0.582742,0.612708,1
0.096467,0.557399,1
-0.101971,0.521154,1
-0.420153,-0.557200,1
-0.529174,0.808687,1
-0.704207,0.009596,1
0.915215,0.135579,1
0.935633,-0.248177,1
0.058257,-0.858840,1
-0.499221,0.390869,1
0.810330,0.487202,1
-0.180969,-0.047437,1
0.792122,-0.302559,1
0.724079,-0.483435,1
0.839462,0.490208,1
0.722352,-0.578107,1
-0.376933,0.834219,1
-0.300981,-0.648391,1
-0.071539,0.394819,1
-0.098821,-0.224130,1
0.757409,0.649101,1
0.176086,-0.652682,1
-0.724554,0.654998,1
0.591573,-0.626132,1
-0.142093,-0.807347,1
0.907219,0.137671,1
0.449798,0.818341,1
-0.218415,0.017167,1
-0.098467,0.549822,1
0.689210,-0.540361,1
-0.068258,0.535108,1
-0.473392,-0.662495,1
0.760545,-0.344342,1
-0.360665,0.856692,1
-0.098402,0.131594,1
-0.090863,-0.186397,1
-0.250024,0.530554,1
-0.529047,-0.205207,1
-0.200877,0.025465,1
-0.502400,-0.229334,1
0.537627,-0.673021,1
-0.526315,-0.347840,1
0.466683,0.765641,1
-0.561020,0.079098,1
-0.120971,-0.267144,1
0.244137,0.470528,1
0.812024,0.067951,1
-0.615994,-0.336974,1
0.885810,-0.111092,1
-0.161899,0.584627,1
-0.463585,0.126840,1
-0.025545,-0.815688,1
0.990496,0.113653,1
-0.074801,-0.208338,1
0.251107,0.230098,1
0.241776,-0.859968,1
-0.526662,-0.347314,1
-0.469222,-0.346166,1
-0.415165,-0.400797,1
-0.475007,0.453176,1
-0.384269,0.346897,1
-0.581719,-0.201501,1
0.742570,0.332550,1
-0.656997,-0.018850,1
0.545511,-0.583454,1
0.259245,0.240399,1
0.790752,0.093336,1
-0.341415,-0.712345,1
0.743092,0.256544,1
-0.451420,0.170938,1
-0.571597,0.782481,1
0.673265,-0.490626,1
0.222415,0.389270,1
0.426257,0.198255,1
0.931839,0.075339,1
-0.273404,0.908433,1
0.525566,0.687590,1
0.057518,0.873895,1
0.024144,-0.323136,1
0.130837,-0.357605,1
0.493184,0.847803,1
0.152529,0.575096,1
0.221793,0.441371,1
0.774923,0.604562,1
0.711950,-0.212433,1
-0.382733,0.341344,1
-0.579129,0.074901,1
-0.555201,0.329775,1
0.051309,0.931326,1
-0.270473,0.454802,1
-0.116343,-0.671911,1
-0.618582,-0.453163,1
0.622911,-0.631650,1
0.055066,0.367379,1
0.170350,-0.870047,1
0.072352,-0.649434,1
0.437059,-0.104783,1
0.789696,0.607766,1
-0.164027,0.935465,1
0.083370,-0.187215,1
-0.183277,0.911268,1
0.822162,-0.481716,1
0.098940,0.480844,1
-0.366507,0.926106,1
0.767801,-0.459872,1
-0.680354,-0.260996,1
0.084776,-0.780265,1
-0.146618,0.523930,1
-0.125325,-0.751195,1
0.880586,-0.342881,1
0.092241,-0.269243,1
0.030552,0.920362,1
0.270517,-0.681044,1
-0.100390,-0.630811,1
0.446902,-0.016692,1
0.387956,0.386640,1
0.567353,0.599259,1
0.731656,-0.188889,1
-0.066331,-0.174929,1
0.827769,-0.199494,1
0.781087,0.482600,1
0.084292,0.603237,1
0.000000,0.000000,1
-0.226453,0.607222,1
0.108720,-0.811899,1
-0.146259,-0.608776,1
0.436020,0.076725,1
-0.663065,-0.270823,1
-0.028977,0.138421,1
-0.135648,0.976524,1
-0.079039,0.503739,1
0.039767,0.494387,1
0.300345,-0.637019,1
0.709528,0.446733,1
-0.053525,0.930126,1
-0.602599,-0.144479,1
0.457167,0.063230,1
0.085684,0.580223,1
-0.115049,-0.307837,1
-0.246743,-0.592552,1
0.113690,0.397586,1
0.139293,-0.220448,1
-0.310252,-0.506699,1
0.034189,-0.260444,1
-0.570470,0.074592,1
0.881431,0.313177,1
0.852615,-0.055206,1
0.547231,-0.484291,1
-0.601691,-0.470072,1
-0.743625,0.620501,1
0.184598,-0.763494,1
-0.506704,0.283287,1
0.357771,0.322490,1
0.597187,-0.606933,1
-0.102873,-0.824268,1
0.219141,0.934332,1
0.647140,0.714290,1
-0.694153,-0.277763,1
-0.061567,-0.656665,1
0.611452,0.755729,1
-0.433943,0.523157,1
0.306457,0.284753,1
-0.522956,0.365400,1
0.031068,0.089637,1
-0.253879,-0.786476,1
-0.073916,0.435358,1
0.541841,-0.602834,1
0.824226,-0.040634,1
0.457523,0.040894,1
-0.057651,-0.626639,1
-0.574416,-0.055193,1
0.941154,-0.198065,1
0.131379,-0.287645,1
0.847919,-0.005816,1
-0.053926,0.138174,1
-0.753636,-0.055070,1
0.323560,-0.115364,1
0.841435,-0.387282,1
-0.672131,-0.135053,1
-0.669724,0.021688,1
0.749907,0.473961,1
0.135830,0.865188,1
-0.229730,-0.184998,1
0.279824,-0.026427,1
0.688805,0.553668,1
0.497773,0.842746,1
0.379432,-0.063495,1
-0.653737,0.060236,1
0.275940,0.445934,1
-0.092442,-0.080340,1
0.040347,-0.217651,1
0.301038,-0.037098,1
-0.419282,-0.408904,1
0.848796,-0.165966,1
0.813378,-0.037627,1
0.761579,0.236637,1
0.561053,-0.539648,1
-0.021914,0.912425,1
-0.752659,-0.074191,1
0.897735,0.008442,1
0.050661,-0.255800,1
-0.647396,0.088760,1
0.125590,-0.182283,1
-0.552377,-0.510764,1
0.132326,-0.676380,1
-0.515043,-0.175303,1
-0.511435,-0.315332,1
0.734441,0.477071,1
0.909394,-0.001429,1
-0.438839,-0.493376,1
0.163753,-0.298638,1
0.904450,-0.044388,1
0.583745,-0.715012,1
0.525362,-0.601660,1
0.351898,-0.706518,1
-0.405166,0.477326,1
0.363624,-0.613822,1
-0.257368,-0.663899,1
0.085307,0.375130,1
0.625033,0.578216,1
0.628454,-0.386064,1
-0.594070,-0.364803,1
-0.573819,-0.500731,1
-0.112494,0.553485,1
-0.580865,-0.289129,1
-0.132278,-0.628094,1
0.242179,-0.048467,1
0.549337,-0.489110,1
-0.008236,-0.323932,1
-0.219795,-0.629833,1
0.035722,-0.284120,1
0.040929,-0.671062,1
0.254410,0.516987,1
-0.078203,-0.160886,1
0.000887,0.063239,1
0.527187,-0.591670,1
-0.185123,-0.103583,1
0.884217,0.460608,1
-0.380018,0.350123,1
-0.431065,0.862660,1
0.026547,0.448659,1
-0.578318,0.731128,1
-0.391024,0.295128,1
0.755191,0.483412,1
-0.055915,-0.851395,1
-0.430474,0.402109,1
-0.524350,0.151844,1
-0.700790,-0.346257,1
0.429453,-0.612838,1
-0.727142,0.085233,1
0.862938,0.404151,1
0.864521,-0.354405,1
-0.547845,-0.320727,1
-0.104281,-0.831340,1
0.303070,0.253276,1
0.268936,0.216040,1
0.443448,-0.655251,1
-0.546568,-0.363681,1
-0.389725,0.902283,1
-0.067981,-0.729643,1
0.727208,0.281368,1
0.751050,0.440369,1
-0.102831,0.878878,1
0.645655,-0.445118,1
-0.620261,-0.165154,1
0.368479,0.114993,1
-0.107113,0.620908,1
0.072628,-0.769886,1
-0.281622,0.522196,1
0.276196,0.216138,1
-0.250325,-0.652945,1
0.315460,-0.107169,1
-0.839092,0.495908,1
0.906163,-0.260515,1
0.446387,0.218492,1
-0.489297,-0.312392,1
-0.687317,-0.050951,1
0.602857,0.769131,1
0.397133,0.131475,1
-0.369409,0.462100,1
-0.074464,-0.783234,1
0.890011,-0.314451,1
-0.561236,-0.372846,1
-0.344191,0.470673,1
-0.244585,0.887231,1
-0.020871,0.445606,1
-0.254698,0.509047,1
-0.597742,0.740070,1
-0.091679,-0.224933,1
0.716584,0.355679,1
-0.558894,-0.235875,1
0.830238,-0.398379,1
-0.221044,0.579775,1
0.890288,-0.193356,1
0.043884,-0.219258,1
0.129499,-0.228539,1
0.455803,-0.047368,1
-0.572607,-0.195247,1
0.124286,-0.215761,1
-0.195137,0.955469,1
0.407430,-0.714843,1
0.564186,0.637726,1
-0.074014,-0.667474,1
-0.561620,0.229309,1
-0.569399,-0.409615,1
-0.772761,0.585526,1
-0.172235,-0.711572,1
-0.135081,-0.088052,1
0.674984,-0.391658,1
-0.046152,0.507809,1
0.727429,-0.269903,1
0.779167,0.141061,1
0.947067,-0.202643,1
-0.645848,0.062290,1
0.877417,-0.011780,1
-0.359555,0.280571,1
0.630925,-0.654167,1
0.285465,0.848828,1
-0.151044,0.438390,1
0.871739,-0.291669,1
0.984326,-0.045856,1
0.973922,-0.159609,1
0.364552,0.010088,1
-0.104841,0.622903,1
-0.415727,0.343760,1
0.872411,0.477387,1
-0.634085,0.225690,1
0.141497,0.425416,1
0.353791,-0.053218,1
-0.437493,-0.357211,1
-0.307578,0.335254,1
0.862725,0.172351,1
0.368111,0.399367,1
-0.006177,-0.126340,1
0.668069,-0.643960,1
0.507471,-0.485256,1
0.668676,0.546693,1
-0.611175,-0.021555,1
0.910060,-0.206860,1
-0.579889,0.289359,1
0.149852,0.524923,1
-0.141515,-0.167253,1
-0.605173,0.331309,1
-0.596453,-0.322868,1
-0.239728,-0.039122,1
0.753151,-0.539225,1
0.776343,0.115292,1
0.009413,-0.148025,1
0.568210,0.755075,1
0.714027,0.516881,1
0.109832,0.520516,1
-0.424614,0.858314,1
-0.030719,0.424330,1
-0.271010,-0.757333,1
-0.503755,-0.619056,1
0.214493,0.907741,1
-0.695292,-0.059741,1
-0.635794,-0.408370,1
-0.548627,0.002980,1
-0.138411,0.888168,1
-0.523446,-0.002141,1
-0.016681,0.624277,1
-0.205200,-0.167012,1
0.780287,0.155409,1
0.654467,0.460080,1
0.219080,-0.303322,1
0.027517,-0.862695,1
0.190687,0.360053,1
0.129052,0.926469,1
0.017708,-0.777616,1
0.612844,0.663643,1
-0.230733,-0.125548,1
-0.345727,-0.549066,1
0.773080,-0.237375,1
0.210875,-0.852368,1
0.567628,0.754850,1
0.193358,0.457835,1
-0.510017,-0.069875,1
0.489881,0.866035,1
0.130117,0.386095,1
-0.119147,-0.825108,1
-0.679165,0.654014,1
0.747513,0.330492,1
0.122680,-0.289740,1
-0.854309,0.489037,1
0.775713,0.115192,1
0.294922,-0.705706,1
0.162642,-0.649267,1
-0.647348,0.077076,1
0.120067,-0.282106,1
0.091147,-0.280522,1
-0.580135,-0.153114,1
0.728145,-0.401006,1
-0.167333,0.083665,1
0.789619,0.222491,1
0.865324,-0.047052,1
0.437990,-0.580659,1
-0.592351,0.777252,1
-0.694141,-0.138448,1
-0.502109,0.444845,1
0.233278,-0.285624,1
0.665075,-0.502668,1
0.113625,-0.355091,1
0.170834,-0.681040,1
-0.244794,-0.544128,1
-0.137023,0.437293,1
-0.348686,-0.644529,1
-0.547039,-0.277034,1
-0.564668,0.822284,1
-0.290664,0.908028,1
0.316813,-0.841207,1
0.960157,0.033143,1
-0.689336,-0.351875,1
0.777026,-0.230717,1
0.807726,-0.180495,1
-0.296986,0.569034,1
-0.030486,0.934917,1
0.206476,-0.243655,1
-0.701489,0.687687,1
-0.542919,0.226360,1
-0.591177,-0.265537,1
-0.673461,-0.091924,1
-0.694690,0.124118,1
0.828147,0.152223,1
0.412357,-0.557639,1
-0.660753,-0.278218,1
0.255510,0.524132,1
0.783125,0.559209,1
0.090935,-0.236074,1
-0.481685,-0.394943,1
0.015719,-0.774437,1
-0.043375,-0.788745,1
-0.242269,-0.568600,1
0.333222,0.392381,1
0.057863,0.972446,1
0.650638,-0.434362,1
0.646356,-0.423349,1
0.492835,-0.010642,1
0.466329,0.259879,1
0.225616,-0.268510,1
-0.092969,-0.797093,1
0.049523,0.447825,1
-0.513830,0.388560,1
0.392765,0.853074,1
-0.129268,-0.217462,1
-0.665731,0.745522,1
0.038959,0.936740,1
-0.227250,0.418757,1
0.877031,-0.178371,1
-0.381147,-0.655536,1
-0.461828,0.238148,1
0.383059,0.187792,1
-0.118662,0.420618,1
0.041517,0.881065,1
0.936782,0.251871,1
-0.310432,-0.574136,1
0.355242,0.196985,1
0.575368,-0.713409,1
0.894917,0.336339,1
0.146736,0.517174,1
0.295912,-0.628837,1
-0.397163,0.447506,1
-0.297745,-0.745217,1
-0.697838,-0.004684,1
0.309205,0.106734,1
-0.481756,-0.657960,1
0.896417,0.224581,1
0.881775,0.310601,1
-0.388296,-0.517906,1
-0.420048,0.310741,1
0.033068,0.404854,1
0.344635,-0.824152,1
-0.642779,-0.042834,1
0.264453,-0.032632,1
0.950470,-0.150356,1
-0.054621,-0.164367,1
0.512018,-0.521380,1
0.848341,0.419901,1
0.341211,-0.631328,1
-0.516230,0.248004,1
0.694786,-0.400340,1
0.036902,-0.344439,1
-0.715131,0.116565,1
0.246079,-0.021096,1
0.764371,0.211511,1
0.757311,0.589475,1
-0.992963,0.070888,1
0.316264,0.453847,1
0.642404,-0.590184,1
-0.020119,0.589572,1
0.818102,0.150694,1
-0.642646,0.002564,1
0.307590,0.432884,1
-0.018584,-0.136582,1
0.515655,-0.502095,1
-0.561814,-0.341123,1
0.543646,0.795267,1
0.628288,-0.547954,1
0.059673,-0.768400,1
0.466480,-0.514195,1
0.509561,0.692350,1
-0.409430,0.881684,1
0.860513,-0.248028,1
-0.890980,0.447386,1
-0.056850,-0.343173,1
0.675588,-0.429629,1
-0.615396,-0.417478,1
-0.172948,0.398859,1
-0.408371,-0.468223,1
-0.627146,-0.410716,1
0.217597,0.893673,1
-0.717928,-0.074695,1
0.845145,-0.291084,1
0.045673,-0.287948,1
-0.695533,-0.274289,1
-0.720728,0.618508,1
-0.163051,-0.066441,1
0.395156,0.125905,1
0.795893,0.538103,1
-0.615850,0.061063,1
0.606470,-0.539624,1
0.005484,-0.701406,1
-0.541868,-0.019478,1
-0.317119,0.932971,1
0.237850,-0.854650,1
-0.505924,-0.398799,1
-0.639269,0.243589,1
0.374230,0.221251,1
0.036103,-0.794793,1
-0.259389,0.932050,1
-0.513259,0.336994,1
-0.081004,-0.827308,1
0.282140,-0.654520,1
0.198411,0.397030,1
0.081528,-0.754555,1
0.819960,-0.442341,1
-0.618435,-0.373548,1
0.729111,0.465185,1
-0.340598,-0.528198,1
0.245342,0.844871,1
0.113046,0.479813,1
-0.036502,0.121110,1
-0.516032,0.388215,1
0.326263,0.050519,1
0.875378,-0.068654,1
-0.250108,0.502440,1
0.769505,0.197134,1
0.216056,0.896281,1
-0.387716,0.269586,1
0.406014,-0.749101,1
-0.065085,0.883042,1
-0.587450,0.349145,1
0.305243,-0.082625,1
-0.522539,-0.379411,1
-0.607795,0.335538,1
-0.615561,0.161506,1
0.453180,0.746745,1
0.857191,-0.064993,1
0.969299,0.058815,1
0.081948,-0.744503,1
-0.147538,0.614193,1
0.268934,0.244284,1
-0.525332,0.763561,1
0.980621,0.019543,1
0.157865,-0.639593,1
0.648720,-0.641999,1
-0.427083,-0.700429,1
0.022699,0.074059,1
0.789216,-0.033746,1
-0.519785,-0.269858,1
0.873845,0.336742,1
0.571576,-0.558839,1
-0.290557,0.896982,1
0.857679,-0.418792,1
-0.104278,0.911113,1
-0.143153,0.917882,1
0.335575,0.193364,1
0.497591,0.733078,1
-0.195005,0.939666,1
-0.387436,0.329990,1
-0.676399,0.111732,1
0.844854,-0.378446,1
0.294739,0.413677,1
-0.134125,-0.122518,1
0.779099,-0.320944,1
-0.071396,-0.732736,1
0.476452,0.164297,1
0.176778,-0.282400,1
-0.591039,0.334175,1
0.071747,-0.784763,1
0.754449,0.214024,1
-0.070203,-0.758335,1
-0.372525,0.891193,1
0.673434,0.609497,1
0.049289,-0.280304,1
0.578471,-0.514170,1
-0.380184,-0.520058,1
-0.410468,0.504496,1
0.688389,-0.437173,1
0.795117,0.061554,1
0.781584,0.255199,1
0.023944,-0.235429,1
0.149936,0.982608,1
-0.643568,-0.069425,1
-0.448668,0.325111,1
-0.598875,-0.195828,1
-0.251541,-0.686824,1
-0.212672,0.416858,1
-0.586229,-0.343999,1
-0.574229,-0.286812,1
-0.100898,-0.673661,1
-0.445292,0.892589,1
0.302092,0.052351,1
-0.036084,0.068541,1
0.544023,-0.730780,1
0.845592,-0.144826,1
-0.279767,0.519356,1
0.351810,0.337979,1
-0.352861,0.920592,1
-0.134943,-0.256496,1
0.962527,0.136169,1
0.272577,0.814065,1
0.572151,-0.576752,1
-0.312099,0.376290,1
0.426619,-0.755643,1
-0.105482,0.469972,1
0.378014,-0.010273,1
0.317038,0.022060,1
-0.018948,-0.220547,1
-0.323459,0.560691,1
-0.347854,-0.704271,1
0.129659,-0.865557,1
0.201155,0.534356,1
0.573612,-0.709908,1
-0.177019,0.960034,1
0.349757,0.258206,1
0.673709,-0.546000,1
-0.616805,-0.213428,1
-0.658795,0.697846,1
0.070122,0.400104,1
0.802142,0.233597,1
0.219630,0.315852,1
0.815921,0.165148,1
0.034875,-0.844857,1
-0.690018,-0.277263,1
0.846150,-0.256962,1
0.814051,-0.235205,1
-0.103669,-0.090845,1
-0.612414,-0.225720,1
-0.199365,-0.119388,1
-0.152813,0.040598,1
-0.334340,0.841556,1
0.283304,0.271549,1
0.852585,-0.212363,1
0.985703,-0.037284,1
0.270975,0.840579,1
0.718117,-0.486115,1
0.403318,0.885627,1
-0.645844,0.704901,1
0.753365,-0.156335,1
0.791575,-0.529537,1
-0.565202,-0.132466,1
0.571113,0.789196,1
0.491996,-0.757588,1
0.324467,-0.610509,1
-0.200259,0.438060,1
0.800314,-0.426025,1
0.491849,0.009175,1
0.421455,0.323073,1
0.202324,0.958157,1
-0.044095,-0.743004,1
-0.520424,0.114712,1
0.660642,-0.436523,1
-0.584584,0.115157,1
0.422123,-0.773830,1
0.930715,-0.285954,1
-0.009375,0.043728,1
0.778769,0.532464,1
0.925639,-0.095882,1
-0.415421,0.398027,1
0.462448,0.090231,1
0.101758,0.395784,1
0.428849,0.779800,1
-0.010677,-0.229970,1
-0.102559,0.443263,1
0.334505,-0.247198,1
0.000866,0.983361,1
0.025161,0.500367,1
-0.377861,-0.489102,1
0.329905,0.363542,1
0.315534,0.373415,1
-0.612568,0.088092,1
-0.539709,-0.248424,1
-0.549894,-0.067949,1
0.730098,0.578755,1
-0.657927,-0.114598,1
0.626907,0.762881,1
0.496869,-0.527372,1
-0.122679,-0.173061,1
-0.569270,-0.240691,1
0.283184,0.264210,1
0.379083,-0.185192,1
0.814833,0.006915,1
-0.317632,-0.538618,1
-0.109656,0.889930,1
0.320108,-0.629707,1
0.720214,-0.313515,1
0.320089,0.855303,1
-0.126743,0.399920,1
0.843026,0.524697,1
-0.693150,-0.050428,1
-0.196905,-0.631054,1
-0.305292,0.872810,1
0.473436,0.835977,1
-0.224638,0.050374,1
-0.435561,0.219742,1
-0.332440,-0.597062,1
-0.302983,-0.631824,1
0.111714,-0.359889,1
-0.247648,0.539139,1
-0.473218,-0.420790,1
-0.367068,-0.576421,1
0.347723,0.009402,1
-0.642551,0.033584,1
-0.467537,-0.665890,1
0.590220,0.743398,1
0.137661,0.571882,1
0.092750,-0.710913,1
-0.069674,0.033846,1
0.495458,-0.479084,1
-0.257558,0.918512,1
-0.693910,-0.210924,1
0.476014,-0.618394,1
-0.592918,-0.439828,1
0.444947,0.789951,1
0.318119,-0.811665,1
-0.633791,-0.017584,1
0.765757,-0.483338,1
0.318553,-0.237748,1
0.722965,-0.176978,1
0.427300,0.281807,1
0.257880,0.818839,1
0.008433,0.908806,1
0.099185,-0.806326,1
0.777976,0.323655,1
-0.296355,0.953506,1
0.313605,0.884111,1
-0.589192,0.286100,1
0.846026,0.205525,1
0.747656,0.181687,1
0.398227,-0.624832,1
0.791217,0.611536,1
0.214647,-0.843758,1
-0.318579,0.577501,1
0.652933,-0.537288,1
-0.689107,0.212441,1
0.761863,0.254097,1
0.490981,0.044016,1
-0.155447,-0.061937,1
-0.528791,-0.494348,1
0.548523,-0.505097,1
-0.076353,-0.725376,1
0.346146,-0.698701,1
-0.504206,-0.196917,1
-0.593118,0.306939,1
0.744516,0.250392,1
0.919997,0.331068,1
-0.476800,-0.627424,1
0.187449,-0.732709,1
-0.033096,-0.270009,1
0.948761,0.029190,1
0.014586,-0.248570,1
0.596649,0.775248,1
-0.107173,-0.102538,1
0.478666,-0.582133,1
-0.517535,-0.138411,1
0.190875,-0.818271,1
-0.446630,-0.398148,1
-0.080607,0.930324,1
0.248931,-0.005772,1
-0.307630,0.375984,1
0.247348,-0.206927,1
-0.400040,-0.673771,1
0.098826,-0.717101,1
0.010805,0.578691,1
-0.094489,0.008474,1
0.314717,0.118123,1
-0.099983,-0.845579,1
0.806723,-0.064795,1
-0.645404,0.274689,1
-0.040851,-0.629548,1
0.263898,0.385173,1
0.078453,-0.701317,1
-0.230738,-0.075893,1
-0.393891,0.407246,1
0.294511,0.123544,1
-0.197301,-0.008502,1
0.242755,-0.173407,1
0.532875,-0.505019,1
-0.228973,-0.676440,1
-0.492580,0.860445,1
0.121584,-0.788808,1
-0.005548,0.456036,1
0.817634,0.188346,1
0.095499,0.434603,1
-0.473031,0.873637,1
0.347060,0.074494,1
0.047108,-0.150933,1
-0.593679,-0.156670,1
0.179726,0.441247,1
-0.769641,0.564493,1
0.337678,-0.788019,1
0.721025,0.553284,1
0.299507,-0.047909,1
-0.052069,0.571217,1
0.162552,-0.698983,1
-0.344245,0.333909,1
-0.708979,-0.073135,1
0.070680,0.950791,1
-0.728114,0.683996,1
0.945204,0.242053,1
0.232111,-0.729469,1
0.611795,0.649390,1
0.213782,0.451993,1
0.638026,-0.612309,1
0.769225,0.513121,1
0.150880,0.508168,1
-0.111881,0.981572,1
-0.085774,-0.172171,1
0.423691,-0.771677,1
-0.182543,0.423885,1
0.373247,-0.231703,1
0.517669,0.793737,1
0.122283,0.912714,1
-0.495431,0.406876,1
0.350196,0.190691,1
-0.003900,0.575313,1
-0.332503,-0.601200,1
-0.357188,-0.487254,1
0.274204,0.813518,1
0.024908,-0.838081,1
-0.406376,-0.647965,1
-0.670562,0.674053,1
0.447590,0.147183,1
0.324312,0.927805,1
0.738565,-0.111901,1
-0.561412,-0.082562,1
-0.530866,-0.179392,1
0.300865,-0.804661,1
0.518389,-0.747845,1
0.291154,0.438440,1
-0.393289,-0.445336,1
0.784385,-0.087974,1
0.285188,-0.301111,1
0.756290,0.005038,1
0.309960,0.054079,1
-0.381487,-0.527700,1
-0.414175,-0.557189,1
-0.347961,-0.548564,1
-0.673906,-0.264292,1
-0.231197,0.969303,1
-0.455375,0.848901,1
-0.603217,-0.438326,1
0.206667,0.542484,1
-0.412990,-0.456552,1
0.842067,0.109191,1
0.074844,0.984580,1
-0.173467,-0.207145,1
-0.966876,0.192747,1
-0.774838,0.576737,1
0.547653,0.820412,1
0.352414,0.151011,1
-0.726270,0.636814,1
0.543348,0.814108,1
0.884945,0.029540,1
-0.627395,-0.165457,1
0.209148,-0.660498,1
0.249497,0.907056,1
0.038392,0.508455,1
0.402568,-0.663279,1
0.889522,-0.052449,1
-0.695402,-0.080101,1
-0.426202,0.502347,1
0.219731,0.383038,1
0.174549,0.506491,1
-0.463974,-0.594750,1
0.531463,-0.581848,1
-0.770126,0.630797,1
0.369383,0.879520,1
0.319042,-0.764992,1
-0.139224,0.523084,1
0.039845,0.425925,1
0.090599,0.387029,1
0.360195,0.016106,1
0.583090,0.570970,1
-0.012746,-0.229864,1
0.489647,0.072426,1
-0.601602,0.774000,1
0.034487,-0.320641,1
-0.645174,0.098746,1
-0.185108,-0.603105,1
0.808792,-0.334449,1
-0.333365,0.903807,1
0.782496,0.451331,1
0.716059,-0.476718,1
0.267498,-0.073790,1
-0.901508,0.399102,1
-0.141253,-0.063620,1
-0.217739,0.419034,1
-0.811102,0.540475,1
0.657008,0.539760,1
-0.479635,0.118111,1
0.271515,-0.780564,1
0.522484,-0.491946,1
-0.444419,0.842907,1
0.610091,-0.698419,1
0.957073,0.003481,1
0.896200,-0.262346,1
0.834937,0.294755,1
0.187756,-0.302899,1
-0.715128,-0.087132,1
-0.027942,0.965515,1
0.426047,-0.553610,1
0.144076,-0.692273,1
0.197587,0.923558,1
0.107880,-0.210623,1
-0.683939,-0.078914,1
0.599692,-0.479968,1
0.477923,-0.561774,1
-0.118526,-0.264483,1
0.110148,-0.684008,1
0.553255,-0.729321,1
-0.166506,0.542472,1
-0.175359,-0.623096,1
-0.668377,0.079201,1
0.260281,0.877071,1
-0.507326,-0.580190,1
0.930399,-0.073192,1
-0.566586,0.176012,1
0.405833,-0.138923,1
-0.306562,-0.651935,1
-0.072517,-0.254443,1
-0.228599,-0.658591,1
-0.848758,0.487452,1
0.852541,-0.195382,1
-0.505410,0.231433,1
-0.056977,0.985268,1
0.568918,-0.679214,1
0.124668,-0.143031,1
0.306692,-0.044045,1
0.786545,0.217595,1
0.549124,-0.617626,1
-0.720512,-0.129858,1
-0.228045,0.443842,1
-0.478387,0.792557,1
0.485017,0.211561,1
0.334133,0.865075,1
-0.206530,-0.165365,1
-0.522461,-0.202569,1
-0.030779,-0.105131,1
-0.672289,-0.005185,1
-0.277128,0.566745,1
-0.631388,0.318354,1
0.158418,-0.133805,1
-0.627824,-0.322237,1
-0.255648,-0.582790,1
0.066866,0.572301,1
0.219500,-0.765389,1
-0.144263,-0.110400,1
-0.310536,-0.746704,1
-0.219773,0.467653,1
0.848406,-0.090593,1
0.848441,-0.118944,1
-0.600723,0.251260,1
-0.325725,-0.602414,1
-0.475100,0.311897,1
-0.010899,-0.761499,1
-0.032263,0.964862,1
-0.593078,-0.090876,1
-0.202756,-0.043476,1
-0.173189,0.477499,1
-0.150765,0.624716,1
0.716864,0.432557,1
0.507070,-0.740865,1
0.057656,-0.857715,1
0.726861,-0.389452,1
0.236150,0.874204,1
0.424476,0.754202,1
-0.348308,-0.467634,1
0.832546,0.199666,1
0.432411,0.300034,1
-0.699205,-0.055785,1
0.285813,0.839232,1
-0.687098,-0.236424,1
-0.217935,0.377497,1
0.938046,0.008377,1
-0.732085,-0.095140,1
-0.242645,-0.138287,1
0.382181,0.328539,1
-0.448062,0.498238,1
-0.437840,0.517007,1
0.184194,-0.769463,1
-0.309870,-0.634020,1
0.426450,0.011863,1
-0.150094,0.624077,1
-0.574696,0.129324,1
-0.501066,-0.482631,1
-0.045670,-0.787981,1
-0.399467,-0.486237,1
0.157852,0.923625,1
-0.185372,-0.025246,1
-0.534327,-0.022234,1
0.598062,-0.390284,1
-0.538565,-0.181515,1
0.423690,-0.794032,1
0.068079,-0.146169,1
0.910128,-0.150554,1
0.163434,-0.205644,1
0.853950,-0.323682,1
-0.615084,-0.334173,1
0.054470,-0.258907,1
-0.072979,-0.025963,1
0.755492,0.135026,1
-0.431502,0.250611,1
0.377743,0.096489,1
0.448746,0.103088,1
-0.484790,0.070563,1
0.322256,-0.827134,1
0.468925,0.197760,1
0.156586,0.918956,1
0.829320,0.168015,1
0.469525,-0.699676,1
0.558251,-0.568644,1
-0.518557,0.286529,1
0.051604,-0.263319,1
0.151036,0.871888,1
0.073022,0.407023,1
-0.214165,-0.707201,1
-0.654507,0.081370,1
-0.648741,0.226130,1
-0.459079,0.203093,1
0.009974,-0.244746,1
-0.055945,0.628387,1
0.141640,0.543082,1
-0.122794,-0.748279,1
0.715709,-0.240335,1
-0.358581,-0.472673,1
-0.493850,0.384853,1
0.415493,0.827868,1
-0.280487,0.439690,1
0.394880,0.771408,1
0.712533,-0.228684,1
0.539588,0.771910,1
-0.642509,-0.013501,1
-0.521119,0.102154,1
0.173300,-0.137721,1
-0.187959,0.461163,1
-0.074002,-0.785827,1
-0.244924,-0.122524,1
0.291317,-0.210082,1
-0.569001,-0.015438,1
0.651807,0.469199,1
-0.497757,-0.595179,1
-0.105468,-0.178540,1
0.801174,-0.033460,1
0.748908,-0.200343,1
-0.512852,0.279254,1
-0.623982,-0.227259,1
-0.248931,0.872372,1
-0.375134,0.407767,1
0.745410,0.555305,1
0.620911,0.769721,1
0.457489,0.075521,1
0.106379,-0.231697,1
-0.562151,-0.144867,1
-0.113144,-0.314958,1
0.570215,0.738820,1
0.984356,0.006583,1
0.007717,0.602445,1
-0.296425,0.442868,1
0.397420,0.898920,1
0.753905,-0.166216,1
-0.437809,-0.373261,1
-0.102155,-0.313949,1
-0.010467,0.497886,1
0.794474,-0.211686,1
0.035816,0.414388,1
-0.484062,0.093186,1
-0.110587,-0.631483,1
-0.225440,0.034307,1
0.076334,-0.860914,1
-0.304925,0.864882,1
-0.973015,0.165053,1
0.267972,0.452980,1
-0.683190,-0.173931,1
0.798102,0.005696,1
-0.633413,-0.211630,1
0.138855,-0.839476,1
-0.732034,0.095530,1
0.057474,0.442376,1
0.424235,-0.573607,1
0.641065,0.606660,1
-0.249696,0.510541,1
-0.451727,0.279182,1
0.901276,-0.112699,1
0.214420,-0.279328,1
-0.256244,-0.679955,1
-0.365629,0.849891,1
-0.231450,0.020754,1
-0.848336,0.495304,1
0.759958,-0.361198,1
-0.105765,-0.229813,1
-0.538216,-0.316738,1
-0.695498,-0.152588,1
0.300361,-0.748187,1
0.514133,-0.735301,1
-0.558298,0.348287,1
-0.272632,-0.540992,1
0.202685,-0.197278,1
-0.094863,0.000991,1
-0.240679,0.438262,1
-0.317455,-0.714998,1
-0.135232,-0.672839,1
0.313704,-0.024288,1
0.211072,0.841100,1
-0.223802,-0.043734,1
0.020226,0.989238,1
-0.281102,-0.768753,1
-0.299918,0.546854,1
0.752460,-0.234103,1
-0.139128,0.901467,1
-0.155649,0.515532,1
0.236098,-0.810714,1
0.237197,-0.669132,1
-0.121754,0.564071,1
-0.572712,0.001063,1
0.623811,0.531846,1
0.168316,0.478194,1
0.497108,0.752917,1
-0.629490,0.227469,1
0.883169,0.003486,1
0.924363,-0.220349,1
0.168180,0.513532,1
0.098610,-0.785032,1
0.809644,0.543577,1
-0.044462,0.968000,1
0.846898,0.462346,1
0.957770,0.169342,1
0.355991,-0.779276,1
-0.736685,-0.145930,1
0.216894,0.461473,1
-0.466866,0.473325,1
-0.686440,0.214009,1
0.104361,-0.184686,1
-0.545086,0.335979,1
0.161149,-0.225901,1
-0.523781,0.244241,1
0.811972,-0.344532,1
0.444389,0.059318,1
-0.089294,0.005151,1
0.799579,-0.051707,1
0.132848,0.507298,1
-0.556413,0.349864,1
-0.361902,0.305003,1
0.056758,0.387012,1
0.717038,-0.461364,1
-0.739919,-0.139712,1
0.788393,0.058620,1
-0.038625,-0.107276,1
0.285573,-0.245862,1
-0.420305,-0.437429,1
0.257686,-0.201489,1
-0.561753,0.342686,1
-0.813535,0.575466,1
-0.225853,0.931123,1
-0.188713,-0.723455,1
0.092979,0.391605,1
0.872880,0.425536,1
-0.667741,0.011052,1
0.290205,-0.629905,1
0.572413,-0.685087,1
-0.630647,-0.335089,1
0.025951,-0.852834,1
0.046292,-0.365865,1
-0.329919,0.931211,1
-0.108859,0.454037,1
-0.509824,0.322613,1
-0.545597,0.308745,1
0.350711,-0.723189,1
0.514782,0.664078,1
-0.138403,-0.703452,1
-0.666126,-0.085300,1
-0.203229,0.510586,1
-0.414532,-0.582377,1
0.826067,0.024754,1
0.266328,-0.714192,1
0.609425,-0.378947,1
-0.175163,-0.788237,1
-0.539403,0.155061,1
0.064047,-0.266267,1
0.062916,-0.328697,1
-0.469650,0.278260,1
-0.045928,0.535622,1
-0.029101,-0.257203,1
0.085371,0.598925,1
-0.020459,0.024113,1
-0.510114,-0.331336,1
-0.531798,-0.274210,1
0.807868,-0.335185,1
-0.635527,-0.417259,1
0.836050,0.456093,1
-0.685836,-0.373669,1
