"m33","m34","m35","m36","m40","m41","m42","m43","m44","m45","m46","m47","m48","m49","m50","m51","m52","m53","m54","m55","m56","m57","m58","m59","m60","m61","m62","m63","m64","m65","m66","m67","m68","m69","m70","m71","m72","m73","m74","m75","m76","m77","m78","m79","m80","m81","m82","m83","m84","m85","m86","m87","m88","m89","m90","m91","m92","m93","m94","m95","m96","m97","m98","m99","m100","m101","m102","m103","m104","m105","m106","m107","m108","m109","m110","m111","m112","m113","m114","m115","m116","m117","m118","m119","m120","m121","m122","m123","m124","m125","m126","m127","m128","m129","m130","m131","m132","m133","m135","m136","m137","m138","m139","m140","m141","m142","m143","m144","m145","m146","m147","m149","m150","m151","m152","m153","m155","m157","m158","m159","m161","m163","m165","m167","m169","m171","m173","m175","m176","m177","m178","m179","m181","m183","m185","m187","m191","m193","m194","m195","m205","N_tipo"
32.24,0.27,0.06,0.01,0,0.3,0.02,2.05,0.11,918.74,13.16,13.11,0.23,0.02,0,1.11,0.01,0,0,1.26,0.02,0.42,0.02,0.87,0.03,1.47,0.04,4.89,0.11,0.47,0.01,0.01,0,1.63,0.09,0.12,0.01,0.3,0.01,0.5,0.01,0.03,0,0.01,0,2.14,0.13,0.83,0.05,0.09,0.01,0.35,0.02,1.02,0.05,0.04,0,0.02,0,0.01,0,0.03,0,1.1,0.07,0.07,0.01,0,0,0,0,0.02,0.01,0,0,0.01,0,0.01,0,0.02,0.01,0,0,0,0,0,0,0,0,0,0,0,0,0,0,0,0,0,0,0,0.01,0,0,0,0,0,0.02,0,0,0,0,0,0,0,0,0,0,0,0,0,0,0,0,0,0,0,0,0,0,0,0,0,0,0,0,0,0,0.01,0,0,0,"2"
33.41,0.34,0.05,0.01,0,0.12,0.02,10.42,0.25,873.55,12.2,26.75,0.47,0.05,0,1.2,0.01,0.01,0,1.29,0.03,0.42,0.02,0.99,0.03,13.78,0.25,5.11,0.1,0.98,0.03,0.01,0,0.63,0.04,0.14,0,0.24,0.01,1.17,0.04,0.03,0,0.14,0.01,2.07,0.12,0.95,0.07,0.05,0,0.16,0.02,10.23,0.34,0.11,0.01,0.03,0,0.01,0,0.02,0,1.11,0.07,0.07,0,0.01,0,0.01,0,0.02,0,0,0,0,0,0,0,0.03,0.01,0.01,0,0,0,0,0,0,0,0,0,0,0,0,0,0,0,0,0,0,0.02,0,0,0,0,0,0.02,0,0,0,0,0,0,0,0,0,0,0,0,0,0,0,0,0,0,0,0,0,0,0,0,0,0,0,0,0,0,0.02,0,0,0,"2"
31.93,0.32,0.05,0.01,0,0.09,0.02,9.32,0.24,855.27,14.06,42.42,0.76,0.07,0,1.75,0.02,0.01,0,1.57,0.01,0.33,0.01,2.19,0.07,11.63,0.23,8.33,0.18,1.98,0.04,0.02,0,0.6,0.03,0.21,0.01,0.36,0.02,1.25,0.03,0.05,0,0.19,0,0.74,0.04,0.55,0.04,0.08,0.01,0.19,0.01,10.97,0.36,0.23,0.01,0.07,0.01,0.01,0,0.02,0,0.48,0.03,0.06,0,0.01,0,0.01,0,0.04,0,0.01,0,0.01,0,0.01,0,0.08,0.01,0.01,0,0,0,0.01,0,0,0,0,0,0.01,0,0.01,0,0.01,0,0,0,0,0.09,0.01,0,0,0,0,0.01,0,0.01,0,0,0,0,0,0,0,0,0,0,0,0,0,0,0,0,0,0,0,0,0,0,0,0,0,0,0,0,0.01,0,0,0,"2"
43.62,0.45,0.08,0.02,0,0.11,0.02,12.67,0.31,809.31,12.81,58.71,1.08,0.11,0,2.29,0.03,0.02,0,2.28,0.02,0.35,0.02,2.65,0.1,17.07,0.34,7.95,0.18,2.8,0.06,0.02,0,0.69,0.03,0.21,0.01,0.38,0.02,1.36,0.05,0.05,0,0.22,0.01,1.39,0.08,0.87,0.05,0.09,0.01,0.21,0.01,16.44,0.57,0.27,0.01,0.12,0,0.01,0,0.01,0,0.84,0.06,0.05,0,0.02,0,0.01,0,0.05,0,0.01,0,0.01,0,0,0,0.09,0.01,0.01,0,0,0,0.01,0,0,0,0.01,0,0,0,0,0,0.01,0,0,0,0,0.06,0,0,0,0,0,0.02,0,0.01,0,0,0,0,0,0,0,0,0,0,0,0,0,0,0,0,0,0,0,0,0,0,0,0,0,0,0,0,0.02,0,0,0,"2"
47.08,0.47,0.09,0.02,0,0.2,0.03,3.19,0.12,876.71,14.58,27.45,0.55,0.06,0,2.52,0.04,0.01,0,2.52,0.03,0.43,0.02,1.06,0.04,2.99,0.08,8.01,0.16,1.41,0.04,0.01,0,1.18,0.07,0.18,0.01,0.35,0.01,0.43,0.01,0.05,0,0.06,0,1.5,0.1,0.98,0.07,0.11,0.01,0.37,0.02,2.77,0.11,0.11,0.01,0.06,0.01,0.01,0,0.02,0,1.05,0.07,0.08,0,0.01,0,0.01,0,0.05,0,0.01,0,0.01,0,0.01,0,0.01,0,0.01,0,0,0,0.01,0,0,0,0.01,0,0,0,0.01,0,0.01,0,0,0,0,0.01,0,0,0,0,0,0.03,0,0,0,0,0,0,0,0,0,0,0,0,0,0,0,0,0,0,0,0,0,0,0,0,0,0,0,0,0,0,0.02,0,0,0,"2"
21.38,0.2,0.03,0,0,0.06,0.01,12.01,0.27,845.4,14.69,43.53,0.69,0.06,0,0.99,0.01,0.01,0,0.33,0,0.16,0.01,11.38,0.31,14.97,0.29,6.52,0.13,1.46,0.03,0.01,0,0.29,0.02,0.35,0.02,0.53,0.03,2.38,0.07,0.12,0,0.17,0,0.43,0.03,0.17,0.01,0.06,0,0.12,0.01,18.67,0.49,0.34,0.02,0.09,0,0.01,0,0,0,0.24,0.02,0.03,0,0.01,0,0.02,0,0.03,0,0,0,0,0,0,0,0.09,0.01,0.01,0,0,0,0,0,0,0,0,0,0,0,0,0,0,0,0,0,0,0.07,0.01,0,0,0,0,0.01,0,0.01,0,0,0,0,0,0,0,0,0,0,0,0,0,0,0,0,0,0,0,0,0,0,0,0,0,0,0,0,0.01,0,0,0,"2"
37.2,0.38,0.06,0.01,0,0.07,0.02,3.45,0.14,899.65,12.76,12.8,0.26,0.02,0,1.72,0.03,0.01,0,1.56,0.03,0.18,0.01,10.72,0.3,3.48,0.08,5.97,0.14,0.57,0.02,0.01,0,0.38,0.02,0.1,0,0.16,0.01,1.97,0.06,0.05,0,0.05,0,0.77,0.05,0.71,0.06,0.04,0,0.11,0.01,2.82,0.12,0.04,0,0.01,0,0.01,0,0.01,0,0.4,0.02,0.06,0,0,0,0,0,0.01,0,0,0,0,0,0,0,0.04,0,0,0,0,0,0,0,0,0,0,0,0,0,0,0,0,0,0,0,0,0.1,0.01,0,0,0,0,0.02,0,0.01,0,0,0,0,0,0,0,0,0.01,0,0,0,0,0,0,0,0,0,0,0,0,0,0,0,0,0,0,0,0.02,0,0,0,"2"
57,0.51,0.08,0,0,0.08,0.02,2.63,0.09,881.5,12.87,17.61,0.34,0.03,0,2.23,0.03,0.01,0,1.15,0.01,0.24,0.01,8.06,0.2,2.33,0.05,5.57,0.13,0.73,0.01,0.01,0,0.52,0.03,0.13,0.01,0.21,0.01,1.01,0.03,0.07,0,0.03,0,0.77,0.05,0.54,0.04,0.05,0,0.12,0.01,1.86,0.08,0.07,0,0.02,0,0,0,0.03,0,0.5,0.04,0.04,0,0,0,0,0,0.01,0,0,0,0.01,0,0,0,0.01,0,0.01,0,0,0,0,0,0,0,0,0,0.01,0,0,0,0,0,0,0,0,0.02,0,0,0,0,0,0.01,0,0,0,0,0,0,0,0,0,0,0,0,0,0,0,0,0,0,0,0,0,0,0,0,0,0,0,0,0,0,0.01,0,0,0,"2"
13.31,0.16,0.02,0,0,0.14,0.02,11.92,0.26,890.08,14.56,15.76,0.31,0.02,0,0.51,0.01,0,0,0.67,0.02,0.32,0.02,4.38,0.14,17.13,0.3,7.16,0.17,0.57,0.01,0.02,0,0.7,0.03,0.13,0.01,0.22,0.01,2.09,0.07,0.04,0,0.14,0,1.7,0.11,0.66,0.04,0.09,0,0.21,0.01,13.77,0.41,0.13,0,0.02,0,0.02,0,0.01,0,0.74,0.05,0.05,0,0.01,0,0.01,0,0.02,0,0,0,0.01,0,0,0,0.1,0.01,0,0,0,0,0,0,0,0,0,0,0,0,0,0,0.01,0,0,0.01,0,0.22,0.02,0,0,0,0,0.01,0,0.02,0,0,0,0,0,0,0,0,0,0,0,0,0,0,0,0,0,0,0,0,0,0,0,0,0,0,0,0,0.01,0,0,0,"2"
122.75,1.05,0.17,0.01,0,0.11,0.02,8.67,0.24,747.6,11.29,35.54,0.63,0.06,0,5.48,0.07,0.03,0,1.98,0.03,0.93,0.03,15.99,0.43,10.36,0.19,7.63,0.16,1.74,0.04,0.05,0,0.48,0.03,0.21,0.01,0.31,0.02,3.8,0.12,0.15,0.01,0.16,0.01,4.59,0.25,2.1,0.13,0.51,0.03,0.35,0.02,9.35,0.34,0.15,0.01,0.09,0.01,0.05,0.01,0.03,0.01,1.7,0.11,0.2,0.01,0.02,0,0.01,0,0.07,0.01,0.01,0,0.01,0,0.01,0,0.1,0.01,0.01,0,0,0,0.01,0,0.01,0,0,0,0.01,0,0.01,0,0,0,0,0.01,0,0.89,0.1,0.01,0,0,0,0.03,0,0,0,0,0,0,0,0,0,0,0,0,0,0,0,0,0,0,0,0,0,0,0,0,0,0,0,0,0,0,0.03,0,0,0,"10"
37.7,0.37,0.05,0,0,0.09,0.02,19,0.39,795.48,11.64,57.36,0.91,0.09,0,1.29,0.02,0.01,0,0.95,0.02,0.53,0.02,1.9,0.06,27.79,0.46,6.62,0.17,1.67,0.04,0.01,0,0.34,0.02,0.26,0.01,0.41,0.02,2.58,0.07,0.06,0,0.2,0.01,2.17,0.14,1.56,0.09,0.13,0.01,0.19,0.01,24.12,0.61,0.29,0.01,0.12,0,0.01,0,0.02,0,1.4,0.09,0.14,0.01,0.01,0,0.01,0,0.05,0,0.01,0,0.01,0,0,0,0.02,0,0.02,0,0,0,0.01,0,0,0,0,0,0.01,0,0,0,0,0,0,0,0,0.02,0,0,0,0,0,0.02,0,0.01,0,0,0,0,0,0,0,0,0,0,0,0,0,0,0,0,0,0,0,0,0,0,0,0,0,0,0,0,0.02,0,0,0,"10"
39.47,0.38,0.06,0.01,0,0.15,0.02,1.49,0.1,911,13.5,12.64,0.24,0.02,0,1.42,0.02,0.01,0,1.5,0.03,0.55,0.02,0.95,0.04,0.65,0.02,6.1,0.13,0.47,0.01,0.01,0,0.68,0.03,0.13,0.01,0.22,0.01,0.2,0.01,0.04,0,0.01,0,2.26,0.12,2.19,0.14,0.18,0.01,0.3,0.01,0.49,0.02,0.05,0,0.05,0,0.01,0,0.04,0.01,1.32,0.09,0.17,0.01,0,0,0.01,0,0.03,0,0,0,0.01,0,0.01,0,0.01,0,0,0,0.01,0,0.01,0,0,0,0,0,0,0,0,0,0,0,0,0,0,0.01,0,0,0,0,0,0.01,0,0,0,0,0,0,0,0,0,0,0,0,0,0,0,0,0,0,0,0,0,0,0,0,0,0,0,0,0,0,0.01,0,0,0,"10"
71.67,0.72,0.11,0.01,0,0.1,0.03,6.39,0.2,814.1,13.22,48.11,0.9,0.08,0,3.58,0.06,0.01,0,2.53,0.04,0.31,0.02,1.83,0.08,7.38,0.15,11.82,0.29,2.47,0.06,0.02,0,0.51,0.03,0.14,0.01,0.38,0.02,1.24,0.03,0.07,0.01,0.13,0,0.75,0.05,1.54,0.1,0.12,0.01,0.24,0.01,6.55,0.28,0.19,0.01,0.14,0.01,0.01,0,0.03,0,0.57,0.04,0.1,0.01,0.01,0,0.02,0,0.12,0.02,0.01,0,0,0,0.01,0,0.03,0.01,0.01,0,0,0,0.02,0,0.01,0,0,0,0.01,0,0,0,0,0,0,0,0,0.01,0,0,0,0,0,0.03,0.01,0,0,0,0,0,0,0,0,0,0,0,0,0,0,0,0,0,0,0,0,0,0,0,0,0,0,0,0,0,0.03,0,0,0,"10"
63.11,0.55,0.08,0.01,0,0.14,0.02,4.34,0.13,852.15,10.98,29.23,0.54,0.06,0,2.59,0.03,0.01,0,2.05,0.02,0.6,0.03,8.82,0.26,4.39,0.1,6.57,0.16,1.22,0.03,0.01,0,0.67,0.03,0.16,0.01,0.25,0.01,0.46,0.01,0.05,0,0.06,0,2.7,0.16,1.33,0.09,0.16,0.01,0.2,0.01,3,0.13,0.07,0.01,0.02,0,0.01,0,0.02,0,1.69,0.1,0.14,0.01,0,0,0.01,0,0.02,0,0.01,0,0.01,0,0.01,0,0.01,0,0.01,0,0,0,0,0,0,0,0,0,0,0,0,0,0,0,0,0,0,0.01,0,0,0,0,0,0.02,0,0,0,0,0,0,0,0,0,0,0,0,0,0,0,0,0,0,0,0,0,0,0,0,0,0,0,0,0,0,0.01,0,0,0,"10"
93.73,0.86,0.17,0.01,0,0.19,0.02,2.94,0.11,833.52,11.48,16.55,0.34,0.03,0,4.87,0.06,0.02,0,4.47,0.06,1.03,0.04,1.54,0.05,2.21,0.07,8.44,0.18,1.02,0.02,0.02,0,0.87,0.06,0.2,0,0.22,0.01,0.41,0.01,0.06,0,0.04,0,4.01,0.25,2.99,0.18,0.32,0.02,0.43,0.02,1.7,0.07,0.05,0,0.12,0.01,0.01,0,0.05,0.01,2.92,0.19,0.26,0.02,0.02,0,0.02,0,0.12,0.01,0,0,0.02,0,0.01,0,0.03,0,0.02,0,0.01,0,0.02,0,0.01,0,0.01,0,0.01,0,0.01,0,0.01,0,0,0,0,0,0,0,0,0,0,0.02,0,0,0,0,0,0,0,0,0,0,0,0,0,0,0,0,0,0,0,0,0,0,0,0,0,0,0,0,0,0,0.03,0,0,0,"10"
255.31,2.2,0.36,0.02,0,0.16,0.02,2.37,0.1,650.42,9.42,40.26,0.81,0.08,0.01,12.02,0.14,0.04,0,3.9,0.05,0.63,0.02,1.23,0.05,1.77,0.04,6.22,0.15,2.24,0.05,0.02,0,0.75,0.04,0.17,0.01,0.32,0.02,0.66,0.02,0.09,0,0.08,0,0.97,0.07,2.59,0.14,0.28,0.02,0.45,0.03,1.39,0.07,0.09,0.01,0.19,0.01,0.01,0,0.04,0,0.69,0.05,0.18,0.01,0.02,0,0.02,0,0.19,0.01,0.01,0,0.01,0,0.01,0,0.02,0,0.01,0,0,0,0.03,0,0,0,0,0,0,0,0.01,0,0,0,0,0,0,0,0,0,0,0,0,0.01,0,0,0,0,0,0,0,0,0,0,0,0,0,0,0,0,0,0,0,0,0,0,0,0,0,0,0,0,0,0,0.01,0,0,0,"10"
46.34,0.42,0.08,0.01,0,0.14,0.02,4.52,0.14,881.27,12.36,20.92,0.41,0.04,0,1.54,0.02,0.01,0,1.65,0.05,0.75,0.03,1.42,0.04,4.75,0.11,7.83,0.15,0.82,0.02,0.01,0,0.69,0.02,0.15,0.01,0.23,0.01,0.93,0.03,0.05,0,0.05,0.01,2.98,0.19,2.42,0.13,0.2,0.01,0.24,0.02,3.17,0.13,0.07,0.01,0.03,0,0.01,0,0.04,0,1.75,0.11,0.18,0.01,0,0,0.01,0,0.03,0,0.01,0,0.01,0,0.01,0,0.02,0,0,0,0,0,0.01,0,0.01,0,0,0,0,0,0,0,0,0,0,0,0,0.02,0,0,0,0,0,0.01,0,0,0,0,0,0,0,0,0,0,0,0,0,0,0,0,0,0,0,0,0,0,0,0,0,0,0,0,0,0,0.02,0,0,0,"10"
39.09,0.36,0.06,0.01,0,0.14,0.02,2.97,0.11,894.54,12.73,24.28,0.45,0.04,0,1.36,0.02,0,0,1.35,0.04,0.61,0.02,1.02,0.03,2.63,0.06,6.56,0.14,0.86,0.02,0.01,0,0.62,0.04,0.13,0.01,0.26,0.01,0.32,0.01,0.03,0,0.04,0,2.67,0.16,1.75,0.12,0.14,0.01,0.25,0.01,1.69,0.07,0.09,0,0.03,0,0.01,0,0.03,0,1.53,0.09,0.17,0.01,0,0,0.01,0,0.02,0,0.01,0,0.01,0,0.01,0,0.01,0,0,0,0,0,0,0,0,0,0,0,0.01,0,0,0,0,0,0,0,0,0,0,0,0,0,0,0.01,0,0,0,0,0,0,0,0,0,0,0,0,0,0,0,0,0,0,0,0,0,0,0,0,0,0,0,0,0,0,0.01,0,0,0,"10"
67.26,0.63,0.1,0.01,0,0.1,0.01,4.87,0.14,852.58,11.04,24.56,0.44,0.04,0,2.81,0.04,0.02,0,1.93,0.03,0.62,0.03,6.75,0.21,5.3,0.12,7.27,0.17,1.09,0.03,0.01,0,0.47,0.04,0.12,0.01,0.18,0.01,0.73,0.02,0.05,0,0.08,0.01,2.33,0.14,1.29,0.07,0.14,0.01,0.19,0.01,3.7,0.15,0.08,0.01,0.02,0,0.01,0,0.02,0,1.54,0.1,0.12,0.01,0,0,0.02,0,0.01,0,0.01,0,0.01,0,0,0,0.02,0,0.01,0,0,0,0,0,0,0,0,0,0,0,0,0,0,0,0,0,0,0.01,0,0,0,0,0,0.02,0,0.01,0,0,0,0,0,0,0,0,0,0,0,0,0,0,0,0,0,0,0,0,0,0,0,0,0,0,0,0,0.01,0,0,0,"10"
42.5,0.49,0.08,0.01,0,0.67,0.05,29.1,0.74,735.94,20.75,28.93,0.8,0.07,0,2.05,0.04,0.02,0,2.48,0.11,1.74,0.07,5.76,0.2,41.4,0.93,12.33,0.32,1.62,0.04,0.05,0,4.6,0.23,0.4,0.02,0.91,0.06,6.52,0.24,0.13,0.01,0.5,0.03,9.9,0.56,4.26,0.26,0.44,0.02,1.06,0.08,30.96,1.5,0.33,0.02,0.08,0,0.04,0,0.08,0.02,5.3,0.37,0.31,0.03,0.03,0,0.05,0.01,0.07,0.01,0.02,0,0.02,0,0.02,0,0.31,0.02,0.02,0,0.01,0,0.02,0,0.03,0.01,0.01,0.01,0.02,0,0.02,0,0.01,0,0,0.01,0,0.31,0.03,0.01,0,0.01,0,0.08,0.01,0.05,0,0,0,0,0,0,0,0,0.01,0,0,0,0,0,0,0,0,0,0,0,0.01,0,0,0,0,0,0,0,0.07,0.01,0,0,"2"
36.19,0.44,0.09,0.01,0,0.27,0.04,31.04,0.76,728.76,21.28,24.59,0.56,0.05,0,2.06,0.04,0.02,0,1.38,0.05,0.96,0.04,17.47,0.59,44.68,1.02,14.33,0.39,1.39,0.04,0.05,0,1.88,0.1,0.39,0.02,0.65,0.03,9.43,0.32,0.22,0.01,0.64,0.02,6.13,0.39,2.38,0.16,0.24,0.02,0.51,0.05,39.89,1.64,0.43,0.02,0.13,0.02,0.09,0.01,0.04,0.01,2.64,0.19,0.26,0.02,0.04,0,0.06,0.01,0.09,0.01,0.02,0,0.01,0,0.02,0,0.61,0.04,0.03,0.01,0.01,0,0.02,0.01,0.02,0.01,0.01,0,0.01,0,0.01,0,0.01,0,0,0.03,0,0.99,0.12,0.01,0,0,0,0.03,0,0.03,0,0,0,0,0.01,0,0.01,0,0,0,0,0,0,0,0,0,0,0,0,0,0.01,0,0,0,0,0,0,0,0.07,0.01,0.01,0,"2"
53.86,0.65,0.12,0.01,0,0.75,0.07,17.44,0.51,767.1,20.6,26.54,0.6,0.07,0.01,2.01,0.04,0.03,0.02,3.67,0.14,2.88,0.1,3.05,0.12,22.33,0.56,11.79,0.31,1.23,0.04,0.06,0.01,3.51,0.19,0.52,0.04,0.77,0.05,3.57,0.13,0.08,0,0.22,0.02,19.1,1.26,5.67,0.38,0.74,0.05,1.15,0.06,13.39,0.6,0.21,0.01,0.07,0.01,0.05,0.01,0.11,0.04,9.04,0.57,0.49,0.04,0.02,0,0.04,0.01,0.06,0,0.01,0,0.02,0,0.04,0,0.27,0.02,0.02,0,0.01,0,0.03,0,0.02,0.01,0.01,0,0.02,0,0.01,0,0.01,0,0.01,0.01,0.01,0.25,0.03,0.01,0,0.01,0,0.07,0.01,0.02,0,0,0,0,0,0,0,0.01,0,0,0,0,0,0,0,0,0,0,0,0,0,0,0,0,0,0,0,0,0.04,0,0,0,"2"
63.97,0.75,0.13,0.01,0,0.42,0.06,27.66,0.74,688.62,18.54,10.86,0.25,0.03,0,3.34,0.06,0.02,0.01,4.61,0.17,2.6,0.1,25.41,0.9,38.87,0.86,14.61,0.42,0.77,0.02,0.13,0.01,1.84,0.1,0.48,0.04,0.48,0.03,11.96,0.41,0.2,0.01,0.5,0.04,22.59,1.42,8.27,0.53,0.73,0.04,0.65,0.07,28,1.25,0.19,0.02,0.2,0.01,0.24,0.01,0.08,0.03,8.84,0.56,0.78,0.04,0.04,0,0.04,0,0.08,0.01,0.03,0,0.03,0.01,0.03,0,0.73,0.06,0.04,0.01,0.02,0,0.02,0,0.02,0.03,0.01,0,0.02,0,0.02,0,0.02,0,0,0.05,0.02,2.48,0.23,0.02,0,0.01,0,0.08,0.01,0.04,0.01,0,0,0,0.01,0,0.01,0.01,0.01,0,0,0,0,0,0,0,0,0,0.01,0,0.01,0,0,0,0,0,0,0,0.06,0.01,0,0,"2"
244.96,2.95,0.54,0.02,0,0.42,0.05,10.39,0.37,576.67,15.11,47.65,1.12,0.1,0.01,14.18,0.22,0.08,0.01,5.15,0.18,1.78,0.06,3.13,0.12,11.99,0.31,9.95,0.24,3.02,0.07,0.05,0,2.33,0.12,0.56,0.03,0.78,0.04,7.3,0.28,0.21,0.01,0.27,0.02,8.75,0.57,8.17,0.56,0.69,0.05,1.43,0.08,8.86,0.44,0.23,0.01,0.11,0.01,0.04,0,0.11,0.03,4.86,0.31,0.51,0.03,0.02,0,0.04,0.01,0.1,0.01,0.02,0,0.04,0,0.03,0,0.27,0.03,0.03,0,0.01,0.01,0.02,0.01,0.03,0.02,0.02,0.01,0.03,0,0.03,0,0.01,0,0,0.02,0.01,0.18,0.01,0.01,0,0.01,0,0.07,0.01,0.01,0,0,0.01,0,0,0,0.01,0.01,0.02,0,0,0,0,0,0,0.01,0,0,0,0,0.01,0,0,0,0,0,0,0,0.05,0.01,0,0,"2"
33,0.39,0.06,0.01,0,0.6,0.05,37.52,0.88,720.4,19.32,31.05,0.77,0.08,0,1.66,0.03,0.01,0,2.37,0.07,1.46,0.06,8.66,0.35,43.4,1.2,14.59,0.37,1.84,0.04,0.06,0.01,4.08,0.25,0.4,0.02,0.92,0.04,7.03,0.25,0.14,0,0.75,0.02,7.72,0.51,3.52,0.23,0.43,0.03,1.03,0.09,43.01,1.89,0.49,0.03,0.1,0.01,0.06,0.01,0.08,0.01,3.99,0.28,0.3,0.03,0.03,0,0.07,0,0.1,0.01,0.02,0,0.04,0,0.02,0,0.51,0.05,0.03,0.01,0.01,0.01,0.02,0.01,0.02,0.01,0.01,0,0.01,0,0.02,0,0.01,0.01,0,0.02,0,0.47,0.05,0.01,0,0.01,0,0.08,0.01,0.06,0,0,0,0,0,0,0,0,0.02,0,0,0,0.01,0,0,0,0.01,0,0,0,0.02,0,0,0,0,0,0,0,0.08,0.01,0.01,0,"2"
36.43,0.46,0.06,0.01,0,0.59,0.05,27.21,0.76,739.1,20.53,36.61,0.86,0.08,0.01,1.67,0.03,0.02,0,3.54,0.13,2.22,0.08,2.61,0.11,38.5,0.88,11.74,0.35,1.84,0.05,0.06,0,3.1,0.17,0.54,0.03,0.86,0.05,3.06,0.12,0.07,0,0.48,0.02,16.48,1.09,6.04,0.4,0.56,0.03,0.95,0.07,27.1,1.24,0.34,0.01,0.1,0.01,0.03,0,0.1,0.04,8.09,0.51,0.45,0.03,0.02,0,0.04,0.01,0.08,0.01,0.02,0,0.02,0,0.03,0,0.23,0.03,0.03,0.01,0.02,0.01,0.03,0,0.02,0.01,0.01,0,0.02,0,0.01,0,0,0,0.01,0.01,0.01,0.27,0.03,0.01,0,0.01,0,0.08,0.01,0.02,0,0,0,0,0,0,0,0,0.01,0,0,0,0,0,0,0,0,0,0.01,0,0.01,0,0,0,0,0,0,0,0.05,0.01,0,0,"2"
41.35,0.53,0.1,0.02,0,0.78,0.07,16.3,0.49,750.49,20.91,55.93,1.25,0.12,0.01,1.91,0.03,0.03,0.02,4.38,0.13,2.8,0.1,2.76,0.13,20.33,0.46,9.04,0.2,2.84,0.06,0.07,0.01,4.84,0.28,0.7,0.03,3.24,0.15,1.52,0.05,0.07,0.01,0.28,0.03,17.2,1.13,5.74,0.4,0.91,0.05,2.75,0.17,14.57,0.67,0.31,0.02,0.1,0.01,0.04,0.01,0.1,0.04,9.04,0.55,0.46,0.03,0.02,0,0.06,0,0.07,0.01,0.01,0,0.03,0,0.05,0.01,0.23,0.03,0.04,0,0.01,0.01,0.02,0,0.01,0.01,0.01,0,0.02,0,0.02,0,0.01,0,0,0.01,0.01,0.03,0,0.01,0,0.01,0,0.05,0,0,0,0,0,0,0,0,0,0,0,0,0,0,0,0,0,0,0,0,0,0,0,0,0,0,0,0,0,0,0.02,0,0,0,"2"
23.65,0.28,0.05,0,0,0.31,0.04,20.04,0.57,812.93,22.45,25.17,0.57,0.04,0,1.15,0.02,0.01,0,0.99,0.03,0.65,0.03,6.33,0.21,27.39,0.62,11.78,0.3,1.17,0.03,0.04,0,2.01,0.13,0.38,0.02,0.8,0.04,5.22,0.15,0.11,0,0.33,0.01,2.16,0.16,1.83,0.13,0.21,0.02,0.48,0.04,24.94,1.01,0.37,0.02,0.08,0.01,0.03,0,0.04,0,1,0.06,0.16,0.01,0.01,0,0.04,0,0.05,0,0.01,0,0.02,0,0.01,0,0.33,0.04,0.02,0,0,0,0.01,0,0.01,0,0.01,0,0.01,0,0.01,0,0.01,0,0.01,0.01,0,0.36,0.04,0,0,0,0,0.03,0,0.03,0,0,0,0,0,0,0.01,0,0.01,0,0,0,0,0,0,0,0,0,0,0,0,0,0,0,0,0,0,0,0.05,0,0,0,"2"
89.4,1.09,0.2,0.01,0,0.42,0.05,27.4,0.68,675.76,18.31,34.17,0.83,0.06,0,3.4,0.06,0.03,0.01,5.46,0.28,3.02,0.12,1.56,0.09,38.41,0.89,7.05,0.15,1.35,0.04,0.03,0,1.37,0.08,0.6,0.04,0.61,0.03,7.3,0.23,0.14,0,0.38,0.03,22.68,1.41,12.79,0.75,0.53,0.02,0.45,0.04,24.64,1.13,0.33,0.02,0.07,0.01,0.03,0,0.13,0.04,10.93,0.73,1.14,0.08,0.02,0,0.07,0.01,0.09,0.01,0.01,0,0.02,0,0.04,0,0.2,0.01,0.03,0.01,0.01,0.01,0.02,0,0.02,0.02,0.01,0,0.01,0,0.01,0,0.01,0,0,0,0,0.03,0,0.01,0,0.01,0,0.08,0.01,0.03,0,0,0,0,0,0,0,0,0.01,0,0,0,0,0,0,0,0,0,0.01,0,0,0,0,0,0,0,0,0,0.04,0.01,0,0,"2"
29.75,0.37,0.06,0.02,0,0.47,0.05,58.01,1.38,613.4,17.39,55.64,1.35,0.12,0.01,1.4,0.02,0.01,0,2.58,0.07,1.65,0.08,2.06,0.13,91.57,2.07,10.03,0.24,2.9,0.07,0.04,0,2.9,0.19,0.6,0.04,2.48,0.13,3.65,0.13,0.07,0,1.1,0.03,7,0.45,3.77,0.26,0.53,0.03,1.84,0.13,71.8,3.23,0.67,0.03,0.17,0.01,0.03,0,0.06,0.02,3.93,0.27,0.27,0.02,0.03,0,0.08,0.01,0.21,0.01,0.01,0,0.01,0,0.03,0.01,0.29,0.04,0.02,0.01,0.01,0.01,0.03,0,0.01,0.01,0.01,0,0.01,0,0.01,0,0.01,0,0.01,0.01,0,0.1,0.01,0,0,0.01,0,0.04,0,0.01,0,0,0,0,0,0,0,0,0,0,0,0,0,0,0,0,0,0,0,0,0.01,0,0,0,0,0,0,0,0.03,0,0,0,"2"
42.33,0.47,0.07,0.01,0,0.58,0.05,22.01,0.65,752.69,21.1,47.57,1.12,0.11,0.01,2.43,0.04,0.02,0.01,2.01,0.06,1.18,0.05,2.96,0.13,29.56,0.67,12.4,0.27,2.76,0.08,0.04,0.01,4.66,0.23,0.44,0.02,1.2,0.05,4.06,0.12,0.14,0,0.46,0.02,5.97,0.41,2.7,0.17,0.35,0.02,1.15,0.06,27.34,1.21,0.5,0.02,0.12,0.01,0.02,0,0.08,0.01,3.75,0.25,0.19,0.01,0.01,0,0.07,0.01,0.08,0.01,0.01,0,0.02,0,0.02,0,0.1,0.01,0.02,0,0.01,0.01,0.02,0.01,0.02,0.02,0.01,0,0.01,0,0.01,0,0.01,0,0,0.01,0,0.07,0.01,0.01,0,0,0,0.07,0.01,0.01,0,0,0,0,0,0,0,0,0.01,0,0,0,0,0,0,0,0,0,0,0,0.01,0,0,0,0,0,0,0,0.03,0.01,0,0,"2"
22.83,0.28,0.06,0.01,0,0.37,0.05,68.06,1.63,567.62,16.75,64.92,1.51,0.14,0,1.1,0.01,0.02,0,1.94,0.06,1.46,0.06,2.01,0.11,105.84,2.46,8.38,0.2,3.14,0.07,0.04,0,2.08,0.12,0.8,0.05,2.17,0.09,3.63,0.12,0.08,0,1.27,0.05,10.41,0.68,2.86,0.19,0.34,0.02,1.26,0.12,89.83,4.02,0.97,0.04,0.3,0.02,0.02,0,0.05,0.02,5.44,0.34,0.3,0.02,0.03,0,0.09,0.01,0.28,0.02,0.01,0,0.01,0,0.03,0,0.3,0.03,0.03,0.01,0.01,0,0.01,0,0.01,0.01,0.01,0,0.01,0,0.01,0,0.01,0,0.01,0.01,0,0.04,0,0,0,0.01,0,0.04,0,0.01,0,0,0,0,0,0,0,0,0,0,0,0,0,0,0,0,0,0,0,0,0.02,0,0,0,0,0,0,0,0.03,0,0,0,"2"
115.23,1.44,0.26,0.02,0,0.24,0.03,4.8,0.25,741.83,26.1,19.51,0.46,0.04,0,6.88,0.09,0.04,0,4.44,0.11,1.73,0.06,4.25,0.17,5.5,0.15,20.41,0.54,1.46,0.04,0.03,0,1.38,0.07,0.46,0.02,0.43,0.02,2.66,0.08,0.2,0.01,0.1,0.01,11.42,0.77,8.53,0.56,0.44,0.02,0.54,0.03,4.94,0.23,0.15,0.01,0.09,0.01,0.06,0.01,0.21,0.02,7.57,0.48,0.84,0.04,0.02,0,0.19,0.01,0.08,0.01,0.02,0.01,0.04,0.01,0.04,0.01,0.11,0.01,0.05,0,0.03,0,0.03,0.01,0.1,0.01,0.03,0,0.04,0,0.02,0,0.01,0,0.01,0.01,0.01,0.04,0.01,0.02,0,0,0,0.13,0.01,0.02,0,0,0.01,0,0.01,0,0.01,0.01,0.02,0,0,0,0,0,0,0,0,0,0.01,0,0.01,0,0,0,0,0.01,0,0.01,0.18,0.02,0.01,0,"10"
77.09,0.93,0.17,0.01,0,0.33,0.05,25.14,0.62,698.79,18.77,22.72,0.54,0.06,0,3.38,0.05,0.03,0,3.53,0.12,2.7,0.1,13.16,0.47,37,0.81,12.57,0.34,1.17,0.04,0.06,0,1.34,0.08,0.44,0.03,0.35,0.03,6.7,0.22,0.13,0.01,0.37,0.02,17.81,1.2,7.96,0.51,0.6,0.04,0.63,0.05,26.74,1.15,0.26,0.01,0.06,0,0.08,0,0.08,0.02,8.94,0.59,0.79,0.04,0.02,0,0.04,0.01,0.05,0,0.02,0,0.03,0,0.03,0.01,0.25,0.02,0.02,0.01,0.02,0,0.02,0,0.03,0,0.01,0,0.02,0,0.02,0,0,0,0,0.01,0,0.95,0.1,0.01,0,0,0,0.07,0,0.02,0,0,0,0,0,0,0.01,0.01,0.01,0,0,0,0,0,0,0,0,0,0,0,0.01,0,0,0,0,0,0,0,0.05,0,0,0,"10"
108.28,1.31,0.24,0.02,0,0.25,0.04,5.49,0.27,746.18,26.31,19.55,0.47,0.03,0,6.14,0.09,0.03,0,4.65,0.12,1.96,0.07,4.3,0.16,6.28,0.16,17.84,0.5,1.36,0.04,0.04,0,1.53,0.09,0.43,0.04,0.42,0.02,2.54,0.09,0.19,0.01,0.11,0.01,12.83,0.81,9.44,0.61,0.61,0.04,0.67,0.04,5.58,0.29,0.16,0.01,0.11,0.01,0.07,0,0.23,0.02,8.02,0.53,0.86,0.06,0.02,0,0.21,0.02,0.1,0,0.02,0,0.03,0,0.04,0.01,0.11,0.01,0.04,0.01,0.02,0,0.02,0.01,0.08,0.01,0.03,0,0.03,0,0.02,0,0.01,0,0,0.01,0.02,0.03,0,0.02,0,0.01,0,0.15,0.01,0.02,0,0,0,0,0.01,0,0.01,0.01,0.02,0,0,0,0,0,0.01,0,0.01,0.01,0.01,0,0,0,0,0,0,0,0,0,0.08,0.01,0,0,"10"
80.24,0.89,0.15,0.01,0,0.29,0.04,11.22,0.35,755.79,23.97,29.11,0.65,0.05,0.01,4.5,0.06,0.03,0,2.81,0.14,3.07,0.12,5.11,0.17,11.87,0.28,14.98,0.46,1.65,0.04,0.04,0,1.87,0.1,0.51,0.03,0.57,0.02,3.96,0.13,0.2,0.01,0.21,0.02,12.62,0.83,7.16,0.41,1.04,0.06,0.75,0.04,9.92,0.39,0.22,0.01,0.06,0.01,0.03,0,0.13,0.03,8.51,0.46,0.69,0.04,0.01,0,0.08,0.01,0.05,0,0.03,0,0.04,0,0.03,0,0.08,0.01,0.02,0,0.02,0,0.01,0,0.03,0.01,0.01,0.01,0.02,0,0.02,0,0,0,0,0.01,0,0.07,0,0.01,0,0.01,0,0.05,0.01,0.01,0,0,0,0,0,0,0.01,0,0.01,0,0,0,0,0,0,0,0,0,0,0,0.01,0,0,0,0,0,0,0,0.08,0.01,0,0,"10"
72.15,0.92,0.16,0.02,0,0.2,0.04,23.3,0.64,642.92,24.4,69.97,1.73,0.18,0.01,4.45,0.07,0.03,0,3.78,0.1,2.29,0.09,4.11,0.16,35.91,0.84,18.85,0.51,4.51,0.13,0.04,0,1.42,0.08,0.65,0.04,1.15,0.07,4.71,0.15,0.22,0.01,0.6,0.02,12.94,0.86,9.25,0.61,0.43,0.02,0.56,0.05,37.42,1.76,0.85,0.04,0.36,0.02,0.08,0.01,0.22,0.03,9.28,0.65,0.96,0.07,0.05,0,0.29,0.03,0.2,0.01,0.02,0,0.04,0,0.05,0.01,0.14,0.01,0.06,0.01,0.03,0,0.03,0,0.17,0.02,0.02,0,0.04,0,0.02,0,0.02,0,0.01,0.01,0.01,0.04,0.01,0.03,0.01,0.02,0,0.18,0.02,0.04,0,0.01,0,0,0,0,0.01,0.01,0.01,0,0,0,0,0,0.01,0,0,0,0.01,0,0.01,0,0,0,0,0.01,0.01,0,0.14,0.02,0.01,0,"10"
72.43,0.85,0.15,0.01,0,0.3,0.04,9.01,0.29,777.19,20.65,10.31,0.21,0.03,0,3.02,0.05,0.03,0.01,4.13,0.14,3.28,0.11,10.01,0.32,10.05,0.21,11.32,0.28,0.57,0.01,0.06,0,1.31,0.09,0.46,0.03,0.25,0.01,6.45,0.23,0.13,0.01,0.12,0.02,20.96,1.38,9.8,0.63,0.78,0.05,0.57,0.04,7.09,0.27,0.07,0.01,0.04,0,0.07,0,0.08,0.03,10.98,0.73,0.95,0.08,0.02,0,0.05,0,0.04,0,0.01,0,0.03,0,0.03,0.01,0.12,0.01,0.02,0,0.01,0,0.02,0,0.02,0,0.02,0,0.02,0,0.01,0,0.01,0,0,0,0.01,0.51,0.04,0.01,0,0.01,0,0.05,0.01,0,0,0,0,0,0.01,0,0,0,0.01,0,0,0,0,0,0,0,0,0,0,0,0,0,0,0,0,0,0,0,0.02,0,0,0,"10"
64.49,0.77,0.11,0.01,0,0.23,0.04,21.7,0.57,721.1,20.23,34.11,0.79,0.08,0,2.88,0.04,0.02,0,2.42,0.11,2.18,0.08,12.38,0.43,31.66,0.74,17.57,0.49,1.89,0.06,0.05,0.01,1.23,0.06,0.45,0.03,0.63,0.03,6.12,0.21,0.16,0,0.32,0.01,10.29,0.65,5.85,0.39,0.84,0.05,0.69,0.05,24.91,1.1,0.33,0.01,0.07,0,0.07,0,0.1,0.02,5.88,0.39,0.55,0.04,0.03,0,0.07,0,0.08,0,0.02,0,0.03,0,0.03,0,0.19,0.02,0.03,0,0.01,0,0.01,0,0.02,0,0.02,0,0.02,0,0.01,0,0.01,0,0,0.01,0,0.31,0.03,0.02,0,0.01,0,0.07,0.01,0.02,0,0,0.01,0,0.01,0,0,0.01,0.01,0,0,0,0,0,0,0,0,0,0,0,0,0,0,0,0,0,0,0,0.04,0.01,0,0,"10"
74.17,0.87,0.15,0.01,0,0.25,0.03,8.39,0.29,781.51,21.25,15.78,0.43,0.04,0,4.25,0.07,0.02,0,3.27,0.13,2.33,0.09,8.14,0.3,8.51,0.24,22.04,0.58,1.34,0.04,0.04,0,1.25,0.07,0.37,0.02,0.35,0.02,5.93,0.21,0.21,0.01,0.14,0.01,11.07,0.67,6.97,0.44,0.74,0.04,0.58,0.04,6.36,0.31,0.15,0,0.04,0.01,0.05,0,0.09,0.02,6.97,0.45,0.66,0.04,0.02,0,0.08,0.01,0.04,0.01,0.02,0,0.04,0,0.03,0,0.31,0.02,0.02,0,0.01,0,0.01,0,0.03,0.02,0.02,0.01,0.02,0,0.01,0,0,0,0,0.01,0,0.09,0.01,0.01,0,0,0,0.07,0,0.01,0,0,0,0,0,0,0.01,0,0.01,0,0,0,0,0,0,0,0,0,0.01,0,0,0,0,0,0,0,0,0,0.08,0.01,0,0,"10"
73.78,0.93,0.15,0.01,0,0.27,0.03,12.22,0.41,718.26,28.62,31.16,0.74,0.06,0,4.64,0.07,0.03,0,3.92,0.12,2.65,0.08,5.46,0.22,16.89,0.4,26.65,0.74,2.37,0.06,0.04,0.01,1.86,0.11,0.55,0.03,0.76,0.04,4.44,0.17,0.27,0.01,0.3,0.02,13.94,0.94,9.79,0.63,0.79,0.05,0.92,0.05,17.53,0.82,0.41,0.02,0.14,0.01,0.12,0.01,0.23,0.03,10.26,0.7,1.09,0.07,0.04,0,0.25,0.02,0.13,0.01,0.03,0,0.05,0.01,0.05,0.01,0.13,0.01,0.05,0,0.03,0,0.02,0,0.18,0.02,0.03,0,0.04,0,0.03,0.01,0.02,0,0.01,0,0.01,0.05,0.01,0.03,0,0.02,0,0.16,0.01,0.03,0,0.01,0,0,0.01,0,0.01,0.01,0.01,0,0,0,0,0,0.01,0.01,0.01,0,0.01,0,0.01,0,0,0,0,0,0,0,0.15,0.03,0.01,0,"10"
106.97,1.3,0.2,0.01,0,0.39,0.04,8.11,0.31,747.24,20.82,21.63,0.47,0.05,0,6.01,0.09,0.04,0,4.23,0.14,2.78,0.09,3.7,0.12,6.71,0.21,17.22,0.44,1.42,0.03,0.04,0,2,0.12,0.47,0.03,0.5,0.03,2.34,0.07,0.17,0.01,0.13,0.02,14.54,0.97,8.61,0.52,0.73,0.04,0.81,0.05,5.53,0.26,0.15,0.01,0.08,0.02,0.03,0,0.14,0.04,8.38,0.57,0.66,0.05,0.02,0,0.15,0.02,0.07,0.01,0.02,0,0.04,0,0.04,0,0.06,0.01,0.03,0,0.02,0.01,0.02,0.01,0.03,0.03,0.02,0,0.02,0,0.03,0,0,0,0,0.01,0,0.11,0.02,0.01,0,0,0,0.09,0.01,0.01,0,0,0,0,0,0,0,0,0.01,0,0,0,0,0,0,0,0,0,0,0,0,0,0,0,0,0,0,0,0.08,0.01,0,0,"10"
86.67,1.11,0.2,0.02,0,0.17,0.03,25.43,0.7,632.13,23.06,72.39,1.85,0.19,0.01,5.23,0.07,0.03,0,3.18,0.07,1.5,0.06,5.35,0.21,39.7,0.96,18.42,0.47,4.57,0.12,0.04,0,1.01,0.06,0.58,0.03,0.94,0.04,5.4,0.21,0.23,0.01,0.67,0.02,7.7,0.5,5.28,0.35,0.29,0.02,0.52,0.05,40.48,1.94,0.76,0.03,0.35,0.02,0.06,0.01,0.15,0.02,5.48,0.36,0.69,0.04,0.05,0,0.21,0.03,0.16,0.01,0.02,0,0.04,0,0.04,0.01,0.15,0.01,0.05,0,0.02,0,0.02,0,0.21,0.01,0.03,0,0.05,0,0.03,0,0.03,0,0,0.01,0.01,0.03,0,0.03,0,0.02,0,0.14,0.01,0.04,0,0,0,0,0.01,0,0.01,0.01,0.01,0,0,0,0,0,0,0,0.01,0,0.01,0,0.01,0,0,0,0,0,0,0,0.12,0.02,0,0,"10"
104.89,1.26,0.2,0.01,0,0.39,0.04,8.76,0.33,742.08,19.84,19.69,0.45,0.05,0,4.61,0.07,0.02,0.01,4.27,0.15,3.39,0.11,4.79,0.15,8.9,0.22,11.74,0.32,1.05,0.03,0.04,0,1.83,0.11,0.62,0.03,0.36,0.03,3.31,0.11,0.15,0,0.11,0.01,21.2,1.39,9.85,0.63,0.91,0.05,0.82,0.04,5.58,0.26,0.14,0.01,0.04,0,0.05,0,0.12,0.02,11.82,0.73,0.9,0.06,0.02,0,0.06,0,0.06,0.01,0.01,0,0.03,0.01,0.04,0.01,0.08,0.01,0.03,0,0.02,0,0.01,0,0.02,0,0.01,0,0.02,0,0.02,0,0.01,0,0,0,0.01,0.12,0.02,0.01,0,0.01,0,0.05,0,0.01,0,0,0,0,0.01,0,0,0.01,0.01,0,0,0,0,0,0,0,0,0,0,0,0,0,0,0,0,0,0,0,0.05,0.01,0,0,"10"
80.3,1.01,0.14,0.01,0,0.33,0.03,12.61,0.35,755.66,20.6,23.47,0.6,0.06,0,4.51,0.06,0.02,0.01,3.89,0.15,2.46,0.11,5.75,0.21,14.1,0.34,17.62,0.42,1.65,0.04,0.05,0,1.76,0.1,0.41,0.03,0.5,0.03,3.06,0.09,0.19,0.01,0.23,0.01,12.72,0.85,8.27,0.51,0.69,0.04,0.72,0.03,11.49,0.53,0.22,0.01,0.06,0.01,0.03,0,0.12,0.03,8.17,0.57,0.72,0.05,0.02,0,0.13,0.02,0.07,0.01,0.01,0,0.03,0,0.04,0,0.12,0.02,0.03,0,0.02,0.01,0.01,0.01,0.04,0.02,0.02,0,0.02,0,0.02,0,0.01,0,0,0.01,0,0.09,0.01,0.01,0,0,0,0.1,0.01,0.02,0,0,0,0,0.01,0,0,0.01,0.01,0,0,0,0,0,0,0,0,0,0.01,0,0.01,0,0,0,0,0,0,0,0.13,0.02,0.01,0,"10"
68.23,0.86,0.15,0.02,0,0.17,0.03,24.69,0.68,633.96,23.74,83.82,2.1,0.19,0.01,4.26,0.06,0.03,0,3.09,0.07,1.57,0.05,4.79,0.18,38.15,0.93,25.13,0.72,5.7,0.16,0.04,0,1.3,0.07,0.53,0.02,1.25,0.06,4.55,0.16,0.21,0.01,0.64,0.02,7.66,0.51,5.82,0.37,0.33,0.02,0.64,0.05,40.14,1.84,0.96,0.06,0.42,0.03,0.09,0.01,0.18,0.02,5.56,0.39,0.65,0.04,0.04,0,0.23,0.02,0.2,0.01,0.02,0,0.04,0.01,0.04,0,0.12,0.01,0.04,0.01,0.03,0,0.03,0.01,0.19,0.01,0.02,0,0.04,0,0.03,0,0.02,0,0.01,0.01,0.01,0.04,0.01,0.03,0,0.01,0,0.16,0.01,0.04,0,0,0,0,0.01,0,0.01,0.01,0.01,0,0,0,0,0,0,0,0.01,0,0.02,0,0.01,0,0,0,0.01,0,0,0,0.14,0.02,0.01,0,"10"
130.02,1.65,0.3,0.02,0,0.34,0.04,5.45,0.26,717.16,24.15,16.28,0.39,0.04,0,7.43,0.1,0.04,0,6.12,0.17,2.46,0.1,3.86,0.13,5.94,0.17,16.87,0.44,1.11,0.03,0.03,0,2.04,0.11,0.51,0.04,0.5,0.03,2.35,0.09,0.2,0.01,0.1,0.01,15.62,1.06,14.11,0.93,0.64,0.04,0.89,0.05,5.04,0.24,0.14,0.01,0.1,0,0.06,0.01,0.29,0.03,10.17,0.65,1.02,0.08,0.03,0,0.28,0.03,0.11,0.01,0.02,0,0.04,0,0.04,0,0.1,0.02,0.04,0,0.03,0,0.03,0.01,0.1,0.01,0.03,0,0.02,0,0.03,0,0.02,0,0.01,0.01,0.01,0.05,0.01,0.03,0,0.01,0,0.25,0.03,0.02,0,0,0,0,0,0,0.01,0.01,0.02,0,0,0,0,0,0,0,0.01,0,0.01,0,0.01,0,0,0,0,0,0,0,0.16,0.02,0.01,0,"10"
96.95,1.11,0.2,0.01,0,0.25,0.04,8.51,0.28,775.14,17.54,14.08,0.34,0.03,0,4.58,0.06,0.02,0,3.7,0.12,2.15,0.08,6.09,0.2,8.19,0.22,17.6,0.47,1.04,0.03,0.03,0,1.05,0.06,0.38,0.02,0.27,0.03,3,0.09,0.13,0,0.11,0.01,12.22,0.79,6.39,0.41,0.6,0.04,0.49,0.03,5.74,0.24,0.09,0,0.03,0,0.04,0,0.1,0.02,6.77,0.48,0.53,0.03,0.01,0,0.06,0,0.05,0,0.02,0,0.03,0,0.03,0.01,0.09,0.01,0.02,0,0.01,0,0.01,0,0.02,0,0,0,0.01,0,0.01,0,0.01,0,0,0.01,0,0.07,0.01,0,0,0,0,0.05,0,0.01,0,0,0,0,0,0,0,0,0.01,0,0,0,0,0,0,0,0,0,0.01,0,0,0,0,0,0,0,0,0,0.06,0,0,0,"10"
78.34,0.98,0.16,0.01,0,0.27,0.04,7.07,0.26,794.01,21.38,22.38,0.51,0.05,0,3.23,0.04,0.01,0,3.57,0.11,1.86,0.08,2.63,0.11,8.04,0.2,13.08,0.33,1.15,0.03,0.04,0.01,1.27,0.08,0.39,0.03,0.39,0.02,1.95,0.07,0.11,0,0.11,0.01,11.05,0.71,7.55,0.55,0.61,0.03,0.79,0.04,5.49,0.24,0.14,0,0.04,0,0.05,0,0.16,0.03,6.19,0.43,0.62,0.04,0.02,0,0.11,0.01,0.07,0,0.01,0,0.02,0,0.03,0,0.05,0.03,0.03,0,0.02,0,0.01,0,0.01,0,0.01,0,0.02,0,0.01,0,0.01,0,0,0.01,0,0.06,0.01,0.01,0,0,0,0.08,0.01,0.01,0,0,0,0,0,0,0,0,0.01,0,0,0,0,0,0,0,0,0,0,0,0,0,0,0,0,0,0,0,0.03,0,0,0,"10"
